77
0 1 0.9452033581312596
0 2 0.9750017901223358
1 2 0.07028678114502632
0 3 0.9360122809497966
1 3 0.009535116828057853
2 3 0.9348958532964018
0 4 0.9981009817955525
1 4 0.020042803708280172
2 4 0.00011018199554577721
3 4 0.08440475407950898
0 5 0.9709372413253807
1 5 0.09229973255060225
2 5 0.027222705507858352
3 5 0.04881197802904891
4 5 0.054609877708865405
0 6 0.9040845304569247
1 6 0.019101065766434916
2 6 0.05079082133376227
3 6 0.08570724331501127
4 6 0.0921852993807372
5 6 0.0282876009814431
0 7 0.9025693793138991
1 7 0.05847133871963378
2 7 0.058738897056563676
3 7 0.08714118797132507
4 7 0.06950009179641044
5 7 0.06674747193833781
6 7 0.00939727139473174
0 8 0.9340779987585783
1 8 0.07450368115672469
2 8 0.06558806688562431
3 8 0.015482124011852469
4 8 0.06079417615860977
5 8 0.008994152127668163
6 8 0.08595523504515858
7 8 0.08968082444033398
0 9 0.9233653457699558
1 9 0.08809762908116307
2 9 0.0524023789435306
3 9 0.0005415459629341534
4 9 0.09100307535943837
5 9 0.03738055737350548
6 9 0.02754462688294195
7 9 0.05715741703203361
8 9 0.019105760265418166
0 10 0.007473566945819075
1 10 0.06077660119007489
2 10 0.03882405375389253
3 10 0.052555661144369124
4 10 0.052732735630987494
5 10 0.0682627282283001
6 10 0.008987164647983534
7 10 0.007195948848332555
8 10 0.08986647411676271
9 10 0.03167711340493082
0 11 0.9681347389563786
1 11 0.0352381404494374
2 11 0.9621157198684147
3 11 0.9694313350522096
4 11 0.09886709765392208
5 11 0.0628018532634673
6 11 0.06409713568256212
7 11 0.008735650119468516
8 11 0.06535502414658352
9 11 0.014347587327166863
10 11 0.9051636440316151
0 12 0.09303228954979928
1 12 0.040576528907411584
2 12 0.04848357132255364
3 12 0.07302882260402316
4 12 0.028902189072620925
5 12 0.022693694626520017
6 12 0.07089114448206041
7 12 0.08966133922218382
8 12 0.07007436302342768
9 12 0.05449804148556857
10 12 0.032283527596464946
11 12 0.9720194956052695
0 13 0.06566547238119222
1 13 0.011070603290086842
2 13 0.010838795428154144
3 13 0.02586373688749117
4 13 0.07088149139539311
5 13 0.07460882696110178
6 13 0.07134579096388627
7 13 0.07341977052873942
8 13 0.0675407298431687
9 13 0.06201538071165042
10 13 0.019407526939839465
11 13 0.9927258472673228
12 13 0.013958594088284934
0 14 0.07393811279186262
1 14 0.04782700639145614
2 14 0.05786461882030306
3 14 0.05133013502162866
4 14 0.04286225587638304
5 14 0.07414283320033282
6 14 0.09105193568147624
7 14 0.07393635693578045
8 14 0.0377019896843048
9 14 0.024805172019633698
10 14 0.08357122495292311
11 14 0.997263586577897
12 14 0.03886711941211051
13 14 0.02736855138435578
0 15 0.08752922358229491
1 15 0.002808712026639059
2 15 0.0972996827680049
3 15 0.08095896011815058
4 15 0.03691674492301435
5 15 0.0009302586465223748
6 15 0.003903936078610281
7 15 0.08367643656717733
8 15 0.06695572827246873
9 15 0.02276512116637583
10 15 0.008601469960495843
11 15 0.9286561916652235
12 15 0.0743147732803941
13 15 0.06467969112975126
14 15 0.0010081258870463735
0 16 0.05232185100140776
1 16 0.004270804674491945
2 16 0.07092871458832994
3 16 0.03497748978231219
4 16 0.09481941111135916
5 16 0.06891996636669971
6 16 0.03997788648593251
7 16 0.06675288125252622
8 16 0.06092414224688053
9 16 0.05344220224190006
10 16 0.08025479363473029
11 16 0.05732390292368432
12 16 0.06516336298766849
13 16 0.07040025555930629
14 16 0.0030291508037348694
15 16 0.05525404274986266
0 17 0.024913959374653967
1 17 0.07407295834508952
2 17 0.0026515840679259043
3 17 0.016197673997327685
4 17 0.030138315316054546
5 17 0.03990978145245529
6 17 0.042711482981235484
7 17 0.04433948438942529
8 17 0.0019495131067205458
9 17 0.013167964971197885
10 17 0.00655657573517323
11 17 0.026957752822635156
12 17 0.06996707475584513
13 17 0.012475020031424242
14 17 0.0915213455938765
15 17 0.03979004132707309
16 17 0.9697892269711487
0 18 0.08644899874899843
1 18 0.02066585719696626
2 18 0.002148354788793749
3 18 0.07909819563137828
4 18 0.038080585520558485
5 18 0.029778403997508446
6 18 0.01341645653771982
7 18 0.06180581424565662
8 18 0.09878275999882383
9 18 0.09489776570561809
10 18 0.08549664808602846
11 18 0.014270578526588747
12 18 0.05967889418145863
13 18 0.03745928722787781
14 18 0.019136856856370007
15 18 0.07277857169296707
16 18 0.9860657778782652
17 18 0.9085323377091191
0 19 0.08080011391361129
1 19 0.02984434086825896
2 19 0.02875984328027245
3 19 0.0793255438339609
4 19 0.06864721571214404
5 19 0.08171443625129386
6 19 0.05219021105317702
7 19 0.0013124404800173514
8 19 0.09311977548074116
9 19 0.09546914514041352
10 19 0.013358265040278702
11 19 0.02629404777819185
12 19 0.03380074025867468
13 19 0.050584852670348214
14 19 0.032317519873364335
15 19 0.0966281529736407
16 19 0.9428580979958233
17 19 0.9173364634236172
18 19 0.9704248879755172
0 20 0.05333354568795779
1 20 0.0991932606471807
2 20 0.08951300321107536
3 20 0.009638603713539737
4 20 0.05559535420712575
5 20 0.03403735438744087
6 20 0.07383813035350086
7 20 7.481217313993758e-05
8 20 0.003766572903089093
9 20 0.04130838146007112
10 20 0.016745389283828602
11 20 0.04137445054733937
12 20 0.006519777932350245
13 20 0.08161271850040305
14 20 0.023450060808598634
15 20 0.05163507005736758
16 20 0.9009979186980479
17 20 0.9521257477993832
18 20 0.9578619855747971
19 20 0.9653427577758792
0 21 0.009280879108113935
1 21 0.051129701133476424
2 21 0.08358498021264453
3 21 0.031687705614310675
4 21 0.07196659075851466
5 21 0.006506078097243138
6 21 0.08638825640987662
7 21 0.07203809864182685
8 21 0.06344518016323146
9 21 0.04120487477531839
10 21 0.09165191950058187
11 21 0.047162682777663334
12 21 0.014859826626518654
13 21 0.09689732353464235
14 21 0.07834218891158852
15 21 0.024987069917465805
16 21 0.9782595641552607
17 21 0.9124226688360463
18 21 0.9606691236177417
19 21 0.9864181832265421
20 21 0.966444843336585
0 22 0.06076089506872529
1 22 0.0006444873033305763
2 22 0.06297843212634423
3 22 0.0029838482000744673
4 22 0.02810530218231529
5 22 0.0655121722937644
6 22 0.08917275801935012
7 22 0.06027044946577259
8 22 0.06859170674111431
9 22 0.07429662810936537
10 22 0.09631812617119434
11 22 0.08181804594237643
12 22 0.06984057090962309
13 22 0.07948585298688725
14 22 0.016723995308186863
15 22 0.002032773786499031
16 22 0.9005036249959932
17 22 0.986623276854537
18 22 0.9920389530623519
19 22 0.9389414202394607
20 22 0.9383585676181433
21 22 0.9706664405292422
0 23 0.03783301638423724
1 23 0.03337417076983226
2 23 0.001905897712646198
3 23 0.07870560479545663
4 23 0.07522706375043595
5 23 0.03680983571708405
6 23 0.07269568131981512
7 23 0.07293303736668902
8 23 0.03123958583290533
9 23 0.0076729600825510705
10 23 0.05903765905561476
11 23 0.9499995611284151
12 23 0.9506100816894286
13 23 0.0007720058123213301
14 23 0.07867964542344298
15 23 0.01033751800485507
16 23 0.9341121022258322
17 23 0.9879169743611614
18 23 0.9478268800600712
19 23 0.9695438727302563
20 23 0.9414089851502329
21 23 0.9091835876644633
22 23 0.906917912499955
0 24 0.055326017512208024
1 24 0.0898205455608232
2 24 0.0973630477244886
3 24 0.034076093507562605
4 24 0.0419566779570454
5 24 0.016048735208714346
6 24 0.011342834687308831
7 24 0.09599850904711672
8 24 0.028979109859982605
9 24 0.09964772202803032
10 24 0.05520772230350137
11 24 0.9458793502430392
12 24 0.0813726886060646
13 24 0.09384875410135389
14 24 0.047870651520053396
15 24 0.07964048074080955
16 24 0.08395378437599499
17 24 0.05533330733503298
18 24 0.072412551250147
19 24 0.05921685122854838
20 24 0.0930382749364888
21 24 0.0836524768551602
22 24 0.008320852410407973
23 24 0.9632400357437483
0 25 0.06527073469860799
1 25 0.056987541451572574
2 25 0.07068770276536208
3 25 0.04852387364441242
4 25 0.0895391970644034
5 25 0.039201690076140695
6 25 0.0800252800748073
7 25 0.0956708452705659
8 25 0.0009895732543648502
9 25 0.06435589482086246
10 25 0.01780739532466155
11 25 0.9359804526467099
12 25 0.04538695721099981
13 25 0.016350303484826297
14 25 0.02155845507874273
15 25 0.09382505755185244
16 25 0.0026053073727310577
17 25 0.040585131034051126
18 25 0.018770772996481652
19 25 0.07411397207961841
20 25 0.03132146392189022
21 25 0.061713176942345294
22 25 0.07674804889560302
23 25 0.9682338476716432
24 25 0.9440957763739823
0 26 0.011321996913948649
1 26 0.09996756393571356
2 26 0.07831807986961509
3 26 0.006841404450078546
4 26 0.01824335857962059
5 26 0.013420768407187674
6 26 0.021784791108308162
7 26 0.04602309594694489
8 26 0.04725133799273138
9 26 0.045323598998570115
10 26 0.09820758438445659
11 26 0.9534170593199777
12 26 0.03813213340717018
13 26 0.037714492235422684
14 26 0.07697843827669092
15 26 0.0003815740411605927
16 26 0.9870384541937841
17 26 0.03014778163668827
18 26 0.05936794351265847
19 26 0.09343557135843822
20 26 0.07615004708302715
21 26 0.06706162378430934
22 26 0.06775626276192752
23 26 0.09935862089247036
24 26 0.9400063664078453
25 26 0.9133159521444106
0 27 0.07588385508249823
1 27 0.08260384065638234
2 27 0.02399801662278584
3 27 0.00433043106081492
4 27 0.09593914784392196
5 27 0.0481664126369456
6 27 0.05405757937564939
7 27 0.013825128383786653
8 27 0.09879988002213644
9 27 0.026121345415604586
10 27 0.03928390088690176
11 27 0.9102054001517542
12 27 0.04118433776886811
13 27 0.08752708044618653
14 27 0.047033582813802786
15 27 0.05985394640341526
16 27 0.060364272806520514
17 27 0.018666258819047106
18 27 0.06659032705828632
19 27 0.05184865908116235
20 27 0.09352473026464529
21 27 0.062826599983382
22 27 0.07074828415316332
23 27 0.908492751636648
24 27 0.9747703099439744
25 27 0.9007330693677198
26 27 0.9287009380610493
0 28 0.029646586941588098
1 28 0.07639399634618743
2 28 0.03723003566827585
3 28 0.023840493598784356
4 28 0.09645762511013493
5 28 0.047464306322134706
6 28 0.0881720493591336
7 28 0.057018384204158674
8 28 0.05456137409592049
9 28 0.0858252513153897
10 28 0.04837334913534182
11 28 0.992419486983544
12 28 0.0038427924310014618
13 28 0.004718007914410048
14 28 0.05835754330364288
15 28 0.0270240525002079
16 28 0.021490785052251955
17 28 0.013121286292041009
18 28 0.006090002408813998
19 28 0.016782026572305483
20 28 0.0894930247590358
21 28 0.009385663329506785
22 28 0.024026600947558145
23 28 0.07894754162128848
24 28 0.04272755981882958
25 28 0.03723743270876087
26 28 0.0822498909201643
27 28 0.9341935199945209
0 29 0.08221319891717993
1 29 0.027654160140347623
2 29 0.024628362288920742
3 29 0.0620041014150994
4 29 0.06121148576611732
5 29 0.07483139787417656
6 29 0.09869216842765946
7 29 0.039879002752007266
8 29 0.05502333407168126
9 29 0.06146942147730112
10 29 0.09224730717112388
11 29 0.9918946743857291
12 29 0.062330074757329
13 29 0.01434915898496378
14 29 0.046004561511646246
15 29 0.0727114265603304
16 29 0.014191098955873524
17 29 0.07231192206608977
18 29 0.00588332409338853
19 29 0.04058457386947581
20 29 0.021315894609585023
21 29 0.02578007583828345
22 29 0.003449825346545309
23 29 0.9912698430976487
24 29 0.010342986951467213
25 29 0.09546460252649494
26 29 0.02420831519732631
27 29 0.9537090326081411
28 29 0.0248311069170913
0 30 0.008299121729138945
1 30 0.09701413549382326
2 30 0.035619419405805645
3 30 0.0686098716672311
4 30 0.08471358614869053
5 30 0.021436395318903363
6 30 0.05670228223115089
7 30 0.09493550003941913
8 30 0.02294284551688019
9 30 0.0219268850037956
10 30 0.04630159776380628
11 30 0.028273449567763082
12 30 0.06778821677032824
13 30 0.07437741783721934
14 30 0.017004295354800678
15 30 0.01835164252771549
16 30 0.015619086290845848
17 30 0.08336305009923224
18 30 0.09700263919930523
19 30 0.007857115857962291
20 30 0.08813183974246147
21 30 0.03954971087200804
22 30 0.036201875125713795
23 30 0.9375829765715304
24 30 0.07894661479418702
25 30 0.005505199078737032
26 30 0.02954100677007703
27 30 0.02861299745543236
28 30 0.003152546875087447
29 30 0.013188617714220882
0 31 0.09523069396826143
1 31 0.05753537873387329
2 31 0.03298909043587153
3 31 0.026148236936361285
4 31 0.06271570558156406
5 31 0.03580857152254812
6 31 0.013352986454714806
7 31 0.05135404332759845
8 31 0.03189511548481109
9 31 0.053206392435096124
10 31 0.0633576612762218
11 31 0.9113213280860009
12 31 0.0801519174352418
13 31 0.019978557926723425
14 31 0.05604388078984366
15 31 0.0631786488825658
16 31 0.017051572799887567
17 31 0.015778465126196725
18 31 0.012526023794874538
19 31 0.08703648308767374
20 31 0.0045036021691877695
21 31 0.08541035714576999
22 31 0.04557301346262095
23 31 0.9317353448197254
24 31 0.08802966052099329
25 31 0.05479064344090103
26 31 0.059852732466308275
27 31 0.9246902758164592
28 31 0.030506892923123623
29 31 0.013188834342179188
30 31 0.9000431916062842
0 32 0.03646833394597962
1 32 0.021081363011189354
2 32 0.026503961820299675
3 32 0.06045036955479914
4 32 0.05106982921824358
5 32 0.08415526857914517
6 32 0.08049204370402827
7 32 0.025401053893869825
8 32 0.02340158802311419
9 32 0.09585626297473271
10 32 0.09777153332451635
11 32 0.9393297298951208
12 32 0.04924266466192807
13 32 0.05339513524908067
14 32 0.031514089519832617
15 32 0.053561754798339085
16 32 0.07271347932491491
17 32 0.056179658310427635
18 32 0.048913192900645996
19 32 0.05334858908655594
20 32 0.042183749630772614
21 32 0.09478956629721594
22 32 0.011124055270003838
23 32 0.09971415782313987
24 32 0.025889568793035906
25 32 0.002073550341451868
26 32 0.05125696178000879
27 32 0.07570693064967558
28 32 0.020826048824765204
29 32 0.06251802881133922
30 32 0.014382034427708287
31 32 0.053221197563903345
0 33 0.08754356024543669
1 33 0.06883363310728947
2 33 0.03855906790740729
3 33 0.04311456017413522
4 33 0.043699551565921736
5 33 0.04553173131583017
6 33 0.014835329853952658
7 33 0.09402534713809409
8 33 0.08164625811556568
9 33 0.006573871890572423
10 33 0.06397354980742748
11 33 0.9666368737669588
12 33 0.008331389448433334
13 33 0.09876422039245181
14 33 0.04375890116931141
15 33 0.022737008426784472
16 33 0.0008796062952024173
17 33 0.07898884226279981
18 33 0.08042096166082723
19 33 0.06747426970553284
20 33 0.05082248955447631
21 33 0.07365804837307975
22 33 0.09871272273851363
23 33 0.07329972550866796
24 33 0.09692451629292541
25 33 0.047059579447051705
26 33 0.04340283918945114
27 33 0.991908848941003
28 33 0.021570285614247037
29 33 0.057267647797759766
30 33 0.03494999476217878
31 33 0.08890761994287687
32 33 0.038986637064916785
0 34 0.036332905923854235
1 34 0.05350122354352451
2 34 0.03266752695628903
3 34 0.019263560449141955
4 34 0.058240916084408685
5 34 0.05795165253004203
6 34 0.07195065509183846
7 34 0.03645485935650936
8 34 0.0329089373569736
9 34 0.09317330226379893
10 34 0.08625301763825766
11 34 0.9893553663740557
12 34 0.034345456199888505
13 34 0.0021537956683983944
14 34 0.08713730042952161
15 34 0.026476488659111137
16 34 0.06473549102688411
17 34 0.0625907155675234
18 34 0.09598106330603791
19 34 0.08601590038831852
20 34 0.0868236045887333
21 34 0.09864672166306353
22 34 0.04273121671550089
23 34 0.09425955112330028
24 34 0.09941117411853562
25 34 0.09536845274493164
26 34 0.0034508659343421727
27 34 0.05059401628826847
28 34 0.07334476071105643
29 34 0.9043345068528948
30 34 0.08293034580432972
31 34 0.08432293628467472
32 34 0.07491216841504134
33 34 0.09117291198172242
0 35 0.07537675430374752
1 35 0.025936472721620467
2 35 0.00716676588616325
3 35 0.04657448892276302
4 35 0.0245660243501803
5 35 0.08218990590466851
6 35 0.08668022020504411
7 35 0.018811789609108384
8 35 0.007512793607330302
9 35 0.08803454844662727
10 35 0.0991994121221074
11 35 0.9368278373228327
12 35 0.05223746642669837
13 35 0.04126272231301226
14 35 0.0055610900487245915
15 35 0.09009125978387719
16 35 0.0555917151631067
17 35 0.033641476035011435
18 35 0.0028000324464944265
19 35 0.05935012816790231
20 35 0.08907736542321414
21 35 0.014392877963781067
22 35 0.05270302050508542
23 35 0.029683344306096808
24 35 0.09403485453485766
25 35 0.013652436596977133
26 35 0.02612650261230192
27 35 0.08035870512742879
28 35 0.08506780329680318
29 35 0.9995501934696435
30 35 0.017959728616897215
31 35 0.05242624480372674
32 35 0.0073573643830522105
33 35 0.02336804056587279
34 35 0.9025436208229515
0 36 0.042338395692664
1 36 0.09391227527369864
2 36 0.026677045002897973
3 36 0.009610155864992163
4 36 0.09967418136029363
5 36 0.03891047585662019
6 36 0.023701432277111505
7 36 0.0880433990801129
8 36 0.005903007500741851
9 36 0.08480483368255118
10 36 0.06985311379986436
11 36 0.9192985340787655
12 36 0.09131384059600797
13 36 0.001688342662118025
14 36 0.05430942470424883
15 36 0.09010165827443231
16 36 0.09146725904405288
17 36 0.051028861396473627
18 36 0.0947919144541122
19 36 0.04203371024579446
20 36 0.038723943965492
21 36 0.01912792733217072
22 36 0.09407360608793439
23 36 0.009040049550590299
24 36 0.09202968984548965
25 36 0.08365265178775759
26 36 0.00417130951821677
27 36 0.05093366498055024
28 36 0.033865005865211434
29 36 0.9220254777786989
30 36 0.0407365704534996
31 36 0.013430431067019629
32 36 0.021178514453924695
33 36 0.0507202946647
34 36 0.9890924189859556
35 36 0.9390910638439215
0 37 0.02298226232699215
1 37 0.06661258966793245
2 37 0.09619731825587181
3 37 0.09853140304202479
4 37 0.0012595546407568323
5 37 0.0177485754480443
6 37 0.0338558361616993
7 37 0.003093547605313695
8 37 0.023004832949245553
9 37 0.007454248463522537
10 37 0.025315561447002293
11 37 0.9686373219923528
12 37 0.020286445243698388
13 37 0.06692416092373613
14 37 0.01393711135534976
15 37 0.04363223963985374
16 37 0.0915862455270449
17 37 0.008860357541502314
18 37 0.07435703023711195
19 37 0.04347208218101661
20 37 0.07915148883254584
21 37 0.08019750757163728
22 37 0.06348575934289524
23 37 0.012882957711480843
24 37 0.05504211249893238
25 37 0.0887121596687631
26 37 0.05164976203724294
27 37 0.09616614219315671
28 37 0.039280784313053846
29 37 0.9938986357753783
30 37 0.0683766880178729
31 37 0.008841143937195803
32 37 0.07997096637169065
33 37 0.08909184972603705
34 37 0.9518798940253619
35 37 0.906581894338512
36 37 0.9710312607186725
0 38 0.047800505272538284
1 38 0.04745670671399953
2 38 0.0026623709626374054
3 38 0.017636002248423308
4 38 0.05447634791760384
5 38 0.047258731421183774
6 38 0.06929501026743574
7 38 0.07806038566771037
8 38 0.03953091459855528
9 38 0.0482342994094623
10 38 0.09291227563507058
11 38 0.9443784787588804
12 38 0.05200628885693637
13 38 0.02038979816118684
14 38 0.062114232448009184
15 38 0.06898474048915025
16 38 0.021321630053870885
17 38 0.07267645600601688
18 38 0.07785909255764996
19 38 0.01580597418479289
20 38 0.0580937548477876
21 38 0.07413725741716101
22 38 0.034281319834704664
23 38 0.06524426299443624
24 38 0.09834290035298628
25 38 0.07670401496674645
26 38 0.05087654610936341
27 38 0.04966252765534287
28 38 0.0016023944183075397
29 38 0.9730773543131594
30 38 0.07171243352580929
31 38 0.07478121716602742
32 38 0.09035877976375528
33 38 0.03254576769568123
34 38 0.9149883467002381
35 38 0.9132428280829109
36 38 0.9410796727130166
37 38 0.9044142493681188
0 39 0.024038052020502382
1 39 0.04065561060605664
2 39 0.05880027548774384
3 39 0.020997253244982146
4 39 0.0145323179703524
5 39 0.04016214249511055
6 39 0.06463417228460995
7 39 0.04860073518049731
8 39 0.06343976454987117
9 39 0.006020310812615047
10 39 0.09465894533125722
11 39 0.053158806458845555
12 39 0.023786234469787042
13 39 0.05708340948357716
14 39 0.04543295198855362
15 39 0.02977761020572999
16 39 0.0910239636128176
17 39 0.06620011858070812
18 39 0.05968962759317605
19 39 0.00023337212762851716
20 39 0.0532400544491462
21 39 0.07627673751849189
22 39 0.009248365435053727
23 39 0.06711566938457009
24 39 0.07714065221450998
25 39 0.921460396418024
26 39 0.09402778117611889
27 39 0.042097204867054365
28 39 0.031645186611274724
29 39 0.0520138797127994
30 39 0.09840874847552918
31 39 0.015711513377053607
32 39 0.07033182654668269
33 39 0.07718022385189871
34 39 0.07400103301978392
35 39 0.07637491097129057
36 39 0.016954192642136476
37 39 0.029408997909000995
38 39 0.0927861423362426
0 40 0.05581408948006352
1 40 0.016639839046767243
2 40 0.02184127332248505
3 40 0.09918386897634374
4 40 0.06810104710343742
5 40 0.05952215671977884
6 40 0.019674064012875043
7 40 0.0033295279829015914
8 40 0.0931363495380816
9 40 0.02351287078361212
10 40 0.017695629381205266
11 40 0.04891221410178655
12 40 0.059256004426655705
13 40 0.040507873534636266
14 40 0.018949769419742107
15 40 0.039796020659802284
16 40 0.051558318760380153
17 40 0.03909206348495427
18 40 0.08156049838537421
19 40 0.040555709578496
20 40 0.05626146765409221
21 40 0.05579665121163735
22 40 0.040513396948327784
23 40 0.08919278201041694
24 40 0.01662926805465958
25 40 0.9985575780020204
26 40 0.02973845447166235
27 40 0.0416005534622972
28 40 0.023054096618676828
29 40 0.043636898460912475
30 40 0.09645766757765856
31 40 0.030538145000720246
32 40 0.013565946322935382
33 40 0.05541802566335816
34 40 0.03595476439310733
35 40 0.02058510285855822
36 40 0.08222025553379783
37 40 0.03985116957788442
38 40 0.03252752428809927
39 40 0.07924616126595647
0 41 0.07866395067818166
1 41 0.09800047460391936
2 41 0.07366618917070045
3 41 0.025386650727477582
4 41 0.00990946102970802
5 41 0.060466438737895506
6 41 0.07408829228918905
7 41 0.009425399032158631
8 41 0.08422661256264023
9 41 0.06909886019822184
10 41 0.028110206301385426
11 41 0.05842976184223549
12 41 0.08438578464865372
13 41 0.01823000170483881
14 41 0.00647488718071335
15 41 0.024766134030221005
16 41 0.06431787055769865
17 41 0.03303927435492333
18 41 0.051530039915106476
19 41 0.008397447400512023
20 41 0.0478182132048125
21 41 0.02016302675179675
22 41 0.0651289295125371
23 41 0.030654584980538316
24 41 0.981688387093417
25 41 0.9891040840278811
26 41 0.02060649401441766
27 41 0.05193850735554344
28 41 0.09137120134364128
29 41 0.05632127084711538
30 41 0.02251993537117562
31 41 0.05941608004290999
32 41 0.0780433066348612
33 41 0.04536433427835262
34 41 0.000670851353837265
35 41 0.08548674054786268
36 41 0.0005307613220194683
37 41 0.02177601225006321
38 41 0.02817034961478923
39 41 0.04602051088909577
40 41 0.001167789419501175
0 42 0.07777080250462656
1 42 0.09541581492276972
2 42 0.006948064054335943
3 42 0.06607866237643889
4 42 0.007918931472325629
5 42 0.012212658792052054
6 42 0.0778767254569061
7 42 0.03827436502299056
8 42 0.040988210277653515
9 42 0.045148764904254304
10 42 0.0067253810898946316
11 42 0.03134629602289791
12 42 0.05090233916320167
13 42 0.08871863274393602
14 42 0.020019264982025615
15 42 0.07532281216146253
16 42 0.010296386411224488
17 42 0.019471637683305905
18 42 0.01794365426777011
19 42 0.04469960796853175
20 42 0.020364534780488493
21 42 0.07828210979292523
22 42 0.02091140679814622
23 42 0.012148734270185622
24 42 0.9419645915693785
25 42 0.9161719025087511
26 42 0.024447143401683365
27 42 0.004292987979406181
28 42 0.030375555856878636
29 42 0.02684322282699107
30 42 0.05387450291099317
31 42 0.002425071663651645
32 42 0.07984163960444177
33 42 0.021151700531724243
34 42 0.05848814885095094
35 42 0.0842768633866642
36 42 0.09775878349503554
37 42 0.038165688948027056
38 42 0.0017685041198237102
39 42 0.028469539224732613
40 42 0.07434527412650586
41 42 0.9984066084175638
0 43 0.06667406624515154
1 43 0.051979578046765895
2 43 0.04650156406279926
3 43 0.00043181057939490887
4 43 0.018016748761806586
5 43 0.07167621478206862
6 43 0.0680596332369456
7 43 0.04244101175876291
8 43 0.02221633238333968
9 43 0.09533050391583149
10 43 0.05393731221896157
11 43 0.9228685165302153
12 43 0.03771601086483794
13 43 0.08473024278676787
14 43 0.043732487778895816
15 43 0.059634256092136746
16 43 0.09611261221538855
17 43 0.03395929866352729
18 43 0.09493627404934334
19 43 0.0230003021846846
20 43 0.04236154436832762
21 43 0.07216683376348362
22 43 0.0550849121969316
23 43 0.016401235312384285
24 43 0.04547003989587628
25 43 0.04261246282261708
26 43 0.9337657628130419
27 43 0.9148275854433064
28 43 0.04871178292572166
29 43 0.07174906973785587
30 43 0.09211441548515188
31 43 0.07933083091645785
32 43 0.06065739894322683
33 43 0.024135734967567064
34 43 0.05733469730894248
35 43 0.06633395941462786
36 43 0.06782177418217222
37 43 0.07920961410717489
38 43 0.013495302038267995
39 43 0.08467830648176278
40 43 0.07000040112848005
41 43 0.05048099304745286
42 43 0.05717648610379337
0 44 0.012802013211979487
1 44 0.05719840675298477
2 44 0.025860951477102895
3 44 0.03855425522981131
4 44 0.053766065423284125
5 44 0.06960663277318935
6 44 0.0004236688048652292
7 44 0.07781939241343114
8 44 0.03395968394414254
9 44 0.03882672985650359
10 44 0.06391763763956022
11 44 0.9468494555614249
12 44 0.06974150140298975
13 44 0.08568177857403984
14 44 0.013871830645084711
15 44 0.02432675178997314
16 44 0.07645902679663492
17 44 0.030734611767634517
18 44 0.09618416567692839
19 44 0.09255921570869066
20 44 0.05421419731247755
21 44 0.04740263919315808
22 44 0.06739555193354775
23 44 0.07280741303354642
24 44 0.012076355904289645
25 44 0.08039223486894226
26 44 0.06844087073900253
27 44 0.030544682376481717
28 44 0.9687216403063685
29 44 0.04722850182591136
30 44 0.07466658704691698
31 44 0.06916640063544731
32 44 0.07740637031874228
33 44 0.022316447162445224
34 44 0.055371400600901954
35 44 0.05140334021372321
36 44 0.05897294706474374
37 44 0.04474524828684947
38 44 0.0005085181347667333
39 44 0.025976978822587288
40 44 0.09364326481197335
41 44 0.04804129510753018
42 44 0.016402798230240188
43 44 0.07966777171326392
0 45 0.0577853394354765
1 45 0.06768829729408393
2 45 0.06968434354129159
3 45 0.03439160764842544
4 45 0.06239710798444487
5 45 0.09015726219933454
6 45 0.08952933896479684
7 45 0.03888588635694119
8 45 0.014796120726542624
9 45 0.026277763030356845
10 45 0.034091598475498204
11 45 0.09776735094651715
12 45 0.09822797897652172
13 45 0.0850060624293066
14 45 0.025217239550280685
15 45 0.028790886757480542
16 45 0.07174962857097003
17 45 0.004442456245955494
18 45 0.008024111878742366
19 45 0.00625717158901201
20 45 0.03246433580005645
21 45 0.07256586223424716
22 45 0.058956772046044166
23 45 0.03378754973037843
24 45 0.021134838481221847
25 45 0.09062391264961271
26 45 0.050314392829636165
27 45 0.04474419306563087
28 45 0.9815886895146543
29 45 0.07839060603634879
30 45 0.04222103536402984
31 45 0.06467516753883223
32 45 0.03671267736420422
33 45 0.07298625849119285
34 45 0.050570601781842084
35 45 0.09284645784184088
36 45 0.08551692744713411
37 45 0.07677889149698758
38 45 0.012102144443843475
39 45 0.020053904509213766
40 45 0.016620268604859108
41 45 0.0267520427122294
42 45 0.07073241753719506
43 45 0.09651936191046588
44 45 0.031477333100079004
0 46 0.0916922868565867
1 46 0.07167129550528732
2 46 0.047200821448904515
3 46 0.09824314515173743
4 46 0.09557910490110953
5 46 0.0840618492709043
6 46 0.07083141752061539
7 46 0.052204001809005605
8 46 0.06275813318944747
9 46 0.07911259938325951
10 46 0.007949061868698535
11 46 0.05327391714851185
12 46 0.0731157198065414
13 46 0.04606137188667442
14 46 0.05353451212836833
15 46 0.06201453476804065
16 46 0.001386172533003038
17 46 0.017852871225538774
18 46 0.0783379042926382
19 46 0.00014900855069213123
20 46 0.014026927039902201
21 46 0.08413175966140711
22 46 0.07371051121739836
23 46 0.08054114797098656
24 46 0.010047147228326433
25 46 0.09477264704185588
26 46 0.0927655422270141
27 46 0.02113542208942017
28 46 0.0010080093089341767
29 46 0.018079034707921687
30 46 0.07524000274743663
31 46 0.08994729882729632
32 46 0.08853161415480042
33 46 0.04629827583274992
34 46 0.08813129598962029
35 46 0.06563078561580635
36 46 0.0005933502826887759
37 46 0.04464266729148612
38 46 0.0647329923999136
39 46 0.009047431459337505
40 46 0.09874684991581975
41 46 0.04346577377024875
42 46 0.07310427708332211
43 46 0.06394836500842575
44 46 0.05916782488015384
45 46 0.054089410663268674
0 47 0.07918330003380813
1 47 0.07381756008149533
2 47 0.00942560280436656
3 47 0.013659846776576863
4 47 0.0801245833882989
5 47 0.0801825857368303
6 47 0.06024802335871604
7 47 0.0631054264843848
8 47 0.07200388242619343
9 47 0.09901069270401017
10 47 0.024974961351748908
11 47 0.03895506726022786
12 47 0.006533551895713573
13 47 0.055123992447682665
14 47 0.05683039400309039
15 47 0.07595687870083317
16 47 0.07649078712341319
17 47 0.029126845288188877
18 47 0.016800949207997604
19 47 0.03999173378368547
20 47 0.09818102045237553
21 47 0.011785045739140484
22 47 0.05457136971511062
23 47 0.05774933399945376
24 47 0.008659374886959822
25 47 0.07356337916644647
26 47 0.043690539246071726
27 47 0.024697301252272423
28 47 0.007709432445454898
29 47 0.006076901680361711
30 47 0.07638807957812886
31 47 0.07633936453146783
32 47 0.03143281846729843
33 47 0.04930755616538204
34 47 0.06612103157490866
35 47 0.052287141522469306
36 47 0.0503911191885398
37 47 0.005527502092013102
38 47 0.029460502445760556
39 47 0.03495034161433132
40 47 0.017421398673806262
41 47 0.040030360629592136
42 47 0.09306903263452142
43 47 0.035655119166454634
44 47 0.08067080283870977
45 47 0.0653531490085736
46 47 0.9242989923676006
0 48 0.0892455315692078
1 48 0.07274119589860688
2 48 0.005494653053126207
3 48 0.07982977483952258
4 48 0.0842956172996847
5 48 0.0038793964225785284
6 48 0.08676085160733134
7 48 0.0917282721616237
8 48 0.09487868636435262
9 48 0.043400762869534495
10 48 0.06127457867139818
11 48 0.9979109201378569
12 48 0.05435960584391993
13 48 0.08295321559411527
14 48 0.07363523230082003
15 48 0.09311588510763126
16 48 0.06549162496003413
17 48 0.017943413081046675
18 48 0.08089079731106817
19 48 0.002224568113397873
20 48 0.09907459659736656
21 48 0.054576515052885674
22 48 0.07250315015066888
23 48 0.02819141135914473
24 48 0.009566458571992729
25 48 0.9067816643150368
26 48 0.09824594121842221
27 48 0.9732614147684603
28 48 0.020089472654320525
29 48 0.03234811709655722
30 48 0.07074612397509183
31 48 0.061570919912564526
32 48 0.0720674318191304
33 48 0.06866492616061748
34 48 0.018628844751014745
35 48 0.028617575787264697
36 48 0.03121638841082303
37 48 0.0045025885746465145
38 48 0.029785865135470393
39 48 0.024806851095532517
40 48 0.005444373079507113
41 48 0.005099493411731347
42 48 0.07830094068698683
43 48 0.08478195633607451
44 48 0.09257593123583584
45 48 0.09347393282466854
46 48 0.03746618176064431
47 48 0.9037908609525439
0 49 0.06599683754787047
1 49 0.07184901367581013
2 49 0.09479129641990076
3 49 0.05961230922647994
4 49 0.08959510451496544
5 49 0.000508083664280967
6 49 0.0064219609473779235
7 49 0.06843089443324109
8 49 0.004198479795254694
9 49 0.03612188233887947
10 49 0.014700134204397428
11 49 0.9871236683408662
12 49 0.002823101751126133
13 49 0.03801554804501998
14 49 0.08698949393817236
15 49 0.0882107621483403
16 49 0.016403858859209936
17 49 0.08657117763813509
18 49 0.06112724553325261
19 49 0.0186325803659204
20 49 0.05595961268358866
21 49 0.06547557593154041
22 49 0.06681830702249306
23 49 0.0013293690288233237
24 49 0.033281401520092985
25 49 0.07380710938370183
26 49 0.9389697204805919
27 49 0.033291041986184135
28 49 0.08556650771942768
29 49 0.08736392453718121
30 49 0.0036404078513587283
31 49 0.06959472153930847
32 49 0.06457352442504369
33 49 0.050119662719645644
34 49 0.004049463866207014
35 49 0.06413489891455601
36 49 0.07077735839683284
37 49 0.056445971984957884
38 49 0.011157772542696096
39 49 0.0005074289938841402
40 49 0.05207756526648886
41 49 0.0005764292708393958
42 49 0.08570914432829983
43 49 0.005014834854928639
44 49 0.053343445836608536
45 49 0.004407500958743237
46 49 0.029611152529689228
47 49 0.04829585058348758
48 49 0.05655864560225397
0 50 0.010807123232387836
1 50 0.09929943397050046
2 50 0.0609056481308017
3 50 0.0032623198279602686
4 50 0.010637832692936852
5 50 0.08433316107432169
6 50 0.09951979860467275
7 50 0.024851693575239735
8 50 0.04082255096768074
9 50 0.008359657854058254
10 50 0.06934261179648682
11 50 0.01135469211648997
12 50 0.04520286280368587
13 50 0.0898081683983182
14 50 0.06080453816127766
15 50 0.05552160469783803
16 50 0.08763175296927783
17 50 0.029050548053196505
18 50 0.044957960559100896
19 50 0.08146422397706947
20 50 0.03251217821049061
21 50 0.0037145694532068944
22 50 0.01405753937076741
23 50 0.0006384916375111403
24 50 0.9985125340510016
25 50 0.01825142305049468
26 50 0.005797741484862749
27 50 0.0028294162130970794
28 50 0.032040912190638905
29 50 0.08712464213863828
30 50 0.07250594658331355
31 50 0.07044857793528055
32 50 0.04803095373180265
33 50 0.0043250485631636795
34 50 0.08126298600507165
35 50 0.058697365090021825
36 50 0.06555659503231522
37 50 0.044156108459065924
38 50 0.012809460433665373
39 50 0.0807784793086786
40 50 0.024212041337664796
41 50 0.07392039466297945
42 50 0.0049425946435907135
43 50 0.013429198378439951
44 50 0.06327251319667218
45 50 0.03442237453511739
46 50 0.001627579216793362
47 50 0.006464322490619188
48 50 0.010826412012907146
49 50 0.9266331808267458
0 51 0.032647730891788435
1 51 0.061146368869603784
2 51 0.01629839747807937
3 51 0.07460587350077873
4 51 0.050635555972501876
5 51 0.05662250968740732
6 51 0.08528556303046476
7 51 0.09613290473061607
8 51 0.09805112734818071
9 51 0.06282405074386663
10 51 0.026242050534715684
11 51 0.9173201989626973
12 51 0.056032282497129805
13 51 0.01981365717238954
14 51 0.05275013246493032
15 51 0.08049846020155096
16 51 0.043017129680374154
17 51 0.07803068807365907
18 51 0.0714971292198575
19 51 0.020061892641523346
20 51 0.09683473819779613
21 51 0.055538506583237314
22 51 0.08804140531901931
23 51 0.08975254989665772
24 51 0.01900362280295939
25 51 0.0388329798488391
26 51 0.9175455705173895
27 51 0.050397785043892786
28 51 0.049507965704363874
29 51 0.04547931597386119
30 51 0.0068922064412745825
31 51 0.06018002447276213
32 51 0.06211238502042021
33 51 0.023113733939243836
34 51 0.05940311146507495
35 51 0.026451097755101776
36 51 0.010820787298155663
37 51 0.0034842609803709115
38 51 0.061531683883480834
39 51 0.024876484834952455
40 51 0.055405597196362906
41 51 0.04077655584478418
42 51 0.09786370183451724
43 51 0.0366963805804323
44 51 0.09019202627250902
45 51 0.08697223676873998
46 51 0.055649564005482544
47 51 0.03794626534680068
48 51 0.09165394932530763
49 51 0.9728068456668814
50 51 0.03401004202762382
0 52 0.09053228842676485
1 52 0.078633971480299
2 52 0.09390197756547564
3 52 0.08099166171803496
4 52 0.05875830129847979
5 52 0.08869175363163423
6 52 0.056385698662097736
7 52 0.09882052576981727
8 52 0.02222884424796326
9 52 0.07727068763517327
10 52 0.07244244617808628
11 52 0.04803997581086704
12 52 0.05753571778221643
13 52 0.07862194656122362
14 52 0.023792652903303974
15 52 0.08866615271253102
16 52 0.032735051784350815
17 52 0.052939194124901244
18 52 0.015815111496283958
19 52 0.026856582752866735
20 52 0.08571712804241996
21 52 0.07832880853189401
22 52 0.001270939519303471
23 52 0.050071619756352645
24 52 0.009096956091899776
25 52 0.07699918602714084
26 52 0.0994245919949892
27 52 0.021421554453933973
28 52 0.03859485890403047
29 52 0.07008746158547015
30 52 8.554605701824867e-05
31 52 0.05248058703612778
32 52 0.04327183503994016
33 52 0.009454110939637226
34 52 0.08249302213594649
35 52 0.06154617407613676
36 52 0.05686215376859644
37 52 0.09837420865668729
38 52 0.06768232607121269
39 52 0.9612974954456013
40 52 0.04858521429998434
41 52 0.06606164392189294
42 52 0.09768873631934602
43 52 0.022546850347101518
44 52 0.08780144662599691
45 52 0.007848763162510252
46 52 0.05631353283103156
47 52 0.053940660333936304
48 52 0.078456102150472
49 52 0.07698026540154683
50 52 0.06282143731698113
51 52 0.9361115104113017
0 53 0.09020173320632703
1 53 0.02504989544098037
2 53 0.022297255736812967
3 53 0.040240307353757276
4 53 0.03996999323269693
5 53 0.03738539241519981
6 53 0.09345474473157098
7 53 0.014837887193889473
8 53 0.09395387463119695
9 53 0.023786675589381252
10 53 0.030430463453423078
11 53 0.06942437869051762
12 53 0.08737850316991255
13 53 0.0014378874720033404
14 53 0.039778503283676186
15 53 0.08977147228475214
16 53 0.029321898402778407
17 53 0.03890303422230336
18 53 0.07575159625945976
19 53 0.0398961850241267
20 53 0.05308597442878417
21 53 0.04900550686016002
22 53 0.03602162266731031
23 53 0.015474122051203229
24 53 0.006720271088674011
25 53 0.004380961586103781
26 53 0.0642386715435728
27 53 0.003142402367282148
28 53 0.017502175257718407
29 53 0.020962177840327417
30 53 0.015194683357142254
31 53 0.05625134833610786
32 53 0.027712870457058985
33 53 0.07237745757264144
34 53 0.046027803184342735
35 53 0.018975751792262813
36 53 0.006905340808606651
37 53 0.018672085110429556
38 53 0.038379039419016305
39 53 0.08066565586280589
40 53 0.026627491639340434
41 53 0.0820512018784103
42 53 0.055825497075906845
43 53 0.026232013576647513
44 53 0.03274496795371332
45 53 0.039013498606212206
46 53 0.07669248317431328
47 53 0.058597379418002415
48 53 0.05150541352378395
49 53 0.09813367743570348
50 53 0.03022756874979177
51 53 0.9176162676997168
52 53 0.08587605290190685
0 54 0.08076154988308602
1 54 0.08036140591600184
2 54 0.02272614345044633
3 54 0.006142005921398795
4 54 0.03472505633414931
5 54 0.014270254079451535
6 54 0.015896755079186007
7 54 0.018875762484300646
8 54 0.0456843985153824
9 54 0.08009196107725697
10 54 0.002703260353982317
11 54 0.06974150343842273
12 54 0.0410297075489663
13 54 0.06944631862226976
14 54 0.06274747817110239
15 54 0.09124096672283864
16 54 0.07355221340798107
17 54 0.05863083527969196
18 54 0.05974188998194526
19 54 0.07475633037830508
20 54 0.05914251416579921
21 54 0.006592903972820118
22 54 0.04664154254932144
23 54 0.07635049837826928
24 54 0.09375399322687447
25 54 0.09145986740967077
26 54 0.9135778833256146
27 54 0.009137447844934952
28 54 0.08363448205797573
29 54 0.06686476037956868
30 54 0.0690963863646513
31 54 0.017512333844154876
32 54 0.09366852658690923
33 54 0.09498792776983037
34 54 0.07747167158968922
35 54 0.05358181649566043
36 54 0.015840223537547757
37 54 0.01363857033881207
38 54 0.03532547059940856
39 54 0.06448952511505555
40 54 0.055915829372126004
41 54 0.01977129840607149
42 54 0.009507004767874215
43 54 0.0838335727259195
44 54 0.07919811895586076
45 54 0.014644834823430606
46 54 0.07168007436930707
47 54 0.04429189897921504
48 54 0.029268843666095862
49 54 0.9988887111499928
50 54 0.027142483043569258
51 54 0.9508635411926168
52 54 0.0453508376431736
53 54 0.08476310498733047
0 55 0.09142945540243241
1 55 0.04321135449935556
2 55 0.02497383407968908
3 55 0.054399602577691476
4 55 0.08423611041825453
5 55 0.026418400095127553
6 55 0.07500286389135352
7 55 0.08261412211139722
8 55 0.07882196650277862
9 55 0.04021199155153146
10 55 0.09242418423755676
11 55 0.9930177530765127
12 55 0.06563455082005422
13 55 0.014885340937553268
14 55 0.03645953519548443
15 55 0.002979048781800852
16 55 0.970783001994546
17 55 0.02399924135461264
18 55 0.04758465109020367
19 55 0.0075505520701408015
20 55 0.0223528345994455
21 55 0.005717029058410626
22 55 0.09253972882762208
23 55 0.06706395883678784
24 55 0.03568166274103671
25 55 0.943699835629122
26 55 0.9303420699990781
27 55 0.00217176216415843
28 55 0.011749288497893116
29 55 0.04643614933880187
30 55 0.019172706071819742
31 55 0.04228094402560378
32 55 0.04151258081532191
33 55 0.05713233885177636
34 55 0.0649120465742924
35 55 0.09485019571827435
36 55 0.0026406754888691703
37 55 0.0582211201194256
38 55 0.09588372984456953
39 55 0.9726237632680361
40 55 0.019228587290796247
41 55 0.9949527164058465
42 55 0.006310403281548448
43 55 0.05666476859896676
44 55 0.04404371255734709
45 55 0.08895409091049271
46 55 0.06689720682976004
47 55 0.05474963133802578
48 55 0.9978764780899452
49 55 0.9607350302556873
50 55 0.0934415475122449
51 55 0.9621520843418614
52 55 0.0434515368633721
53 55 0.043424968473891115
54 55 0.9064447216661802
0 56 0.0909944313846404
1 56 0.03767538635770427
2 56 0.03948233731273803
3 56 0.06430436700981909
4 56 0.05516921306431306
5 56 0.04912194407041748
6 56 0.0503825539376667
7 56 0.035477608194121726
8 56 0.05781468919342457
9 56 0.045207320441899256
10 56 0.00950689189057514
11 56 0.01702224224319355
12 56 0.029907076620527343
13 56 0.08560446256079579
14 56 0.020318650315922945
15 56 0.0187774650061
16 56 0.07767965524076836
17 56 0.06171397588497106
18 56 0.06580408234191554
19 56 0.09920009162547141
20 56 0.015239114467053436
21 56 0.07725132030699985
22 56 0.014210313892391387
23 56 0.056452591334078685
24 56 0.03362691113090808
25 56 0.008808185981642545
26 56 0.08340216755021931
27 56 0.08314467189997098
28 56 0.08246826710125744
29 56 0.02585983464944
30 56 0.044586846484289434
31 56 0.04552134806269351
32 56 0.02571874680486281
33 56 0.000522075307081815
34 56 0.08786280770656929
35 56 0.015957715713846608
36 56 0.07598474604241394
37 56 0.05825438994268978
38 56 0.08455268523538613
39 56 0.02042740765069076
40 56 0.0045861121227317656
41 56 0.06390731356571663
42 56 0.095119876429374
43 56 0.015060547473141313
44 56 0.029132044483977132
45 56 0.013117839089238434
46 56 0.04039925140158839
47 56 0.07340990370335095
48 56 0.07294661390155233
49 56 0.9482607450784262
50 56 0.03157470554092729
51 56 0.04478130633985119
52 56 0.03592802118295586
53 56 0.03692214439627531
54 56 0.054577024901357775
55 56 0.9471781518753568
0 57 0.07968032239561575
1 57 0.0444140385899939
2 57 0.04994725379396586
3 57 0.06846866766851799
4 57 0.044329608909069895
5 57 0.07751373284711119
6 57 0.02793598843816925
7 57 0.07491484941623967
8 57 0.09739389604685587
9 57 0.05275063276496591
10 57 0.015922747329423566
11 57 0.06413435149274378
12 57 0.06994439396797414
13 57 0.07323168704631594
14 57 0.00662528752258502
15 57 0.014980722985700697
16 57 0.04921985400744548
17 57 0.01929160477172342
18 57 0.03204738233521285
19 57 0.021094751342960467
20 57 0.032611759247726815
21 57 0.0752138091912308
22 57 0.03362781853820332
23 57 0.05341602172039761
24 57 0.0039795145615590935
25 57 0.07907174990644084
26 57 0.06546299098598031
27 57 0.056235885893827976
28 57 0.03288758412405369
29 57 0.0068663006047591
30 57 0.0644113767811298
31 57 0.03055989658947738
32 57 0.06593736811612573
33 57 0.07705570810083355
34 57 0.005591223675645106
35 57 0.05958525951705834
36 57 0.06564709964887823
37 57 0.0020909569921846666
38 57 0.015425081062686204
39 57 0.010492727745704686
40 57 0.046843004190786644
41 57 0.9846625605047149
42 57 0.00029971890322811885
43 57 0.05765796535845641
44 57 0.0971662850288608
45 57 0.09900115264083623
46 57 0.07766278290202595
47 57 0.010713443441405476
48 57 0.9617163954046832
49 57 0.09242588503589219
50 57 0.043976857828900054
51 57 0.03792968934748381
52 57 0.010709812231057611
53 57 0.05498438227548328
54 57 0.013412201709774226
55 57 0.9465215601289613
56 57 0.02674740635359201
0 58 0.03331132081422597
1 58 0.0926146803354681
2 58 0.08410345461395421
3 58 0.05151006531736241
4 58 0.005026142432311108
5 58 0.07475619261723454
6 58 0.059872523624723936
7 58 0.04251504276489326
8 58 0.03313186121387802
9 58 0.021999037994213617
10 58 0.014569988594947722
11 58 0.9136048212207846
12 58 0.06699491878690528
13 58 0.0046862284834696556
14 58 0.010405187354933496
15 58 0.03011984043397397
16 58 0.06785718164310689
17 58 0.031614199703870895
18 58 0.05779341846588105
19 58 0.031190677999766506
20 58 0.00031723384767352587
21 58 0.03163844986318484
22 58 0.07138714517498684
23 58 0.02269547592597963
24 58 0.007614599928748465
25 58 0.0741417738605663
26 58 0.00620056583486792
27 58 0.9782311129623504
28 58 0.028440067134369567
29 58 0.059613565747455285
30 58 0.008353976447314303
31 58 0.09061844519561515
32 58 0.007851791625946224
33 58 0.03527813592881023
34 58 0.00966355326292717
35 58 0.033270505033356615
36 58 0.00967992184238374
37 58 0.04339929699729359
38 58 0.0605515829351798
39 58 0.0002647718714531732
40 58 0.08815736551784675
41 58 0.095825660736107
42 58 0.04282869788446273
43 58 0.032490733852016014
44 58 0.06970233883242806
45 58 0.07844442567436134
46 58 0.025488507143157164
47 58 0.06661927567834822
48 58 0.9939586408489267
49 58 0.06239204693392176
50 58 0.05849359428654612
51 58 0.050448142529176065
52 58 0.028634984805274048
53 58 0.006672899736303283
54 58 0.0371563051917963
55 58 0.9979712722463006
56 58 0.030818724525599375
57 58 0.9217082999405515
0 59 0.007073762315200858
1 59 0.06386748728264519
2 59 0.061673643109395576
3 59 0.006641652954006337
4 59 0.01230050019806773
5 59 0.018640735062773525
6 59 0.07769772047403316
7 59 0.07864906760031054
8 59 0.040373745107618424
9 59 0.015566189393058413
10 59 0.08496144539428163
11 59 0.08491772704820258
12 59 0.08164657781895479
13 59 0.08616015055251701
14 59 0.09607535386889496
15 59 0.024020288380004213
16 59 0.07976512822728332
17 59 0.0678718868583232
18 59 0.011341687986351287
19 59 0.0007671969911368535
20 59 0.03061180053106219
21 59 0.0884869554113796
22 59 0.0859412810702456
23 59 0.08928635963232359
24 59 0.018066927211788892
25 59 0.0839531810725427
26 59 0.07674705750108148
27 59 0.03302443625591392
28 59 0.034203614704470725
29 59 0.008612996509329616
30 59 0.03145227054786322
31 59 0.06336618695825089
32 59 0.020477607905989643
33 59 0.012517899629914762
34 59 0.06489129685871904
35 59 0.01657690362077656
36 59 0.05426548127694751
37 59 0.045367472489052395
38 59 0.0555339725958477
39 59 0.031413337701792866
40 59 0.015816401269113208
41 59 0.0009302098720288307
42 59 0.0024699490583881094
43 59 0.08946787856497306
44 59 0.06609109231880256
45 59 0.06329084388154722
46 59 0.083583980516702
47 59 0.0007967324673887275
48 59 0.9561792076852692
49 59 0.0986344947160196
50 59 0.07607489978763408
51 59 0.0568300914068056
52 59 0.09314762223637936
53 59 0.04940517370780133
54 59 0.06795979652517128
55 59 0.9584070536403045
56 59 0.04467660821348118
57 59 0.996164780277467
58 59 0.9992206544776361
0 60 0.050772326156430146
1 60 0.055043084012894136
2 60 0.07644717795952788
3 60 0.04493888945799403
4 60 0.08926401558170619
5 60 0.069643290913865
6 60 0.047034136738643706
7 60 0.026218276740301923
8 60 0.005918283449508753
9 60 0.06899441696205895
10 60 0.012832226982524005
11 60 0.004205431935519909
12 60 0.031715642901388154
13 60 0.06863660003739852
14 60 0.049723011920411564
15 60 0.08565397325449348
16 60 0.07716898078118477
17 60 0.07817003092723865
18 60 0.0643727724150962
19 60 0.0399548827846875
20 60 0.08817685498464771
21 60 0.03982273658624508
22 60 0.09324336885528643
23 60 0.005564251506072347
24 60 0.06711323509926027
25 60 0.006183859965541437
26 60 0.04561542210377395
27 60 0.07895378269788865
28 60 0.08379499573838747
29 60 0.04871505251769226
30 60 0.011222925488757227
31 60 0.05883270358084564
32 60 0.04585485971467869
33 60 0.035404157706460396
34 60 0.032439579411366964
35 60 0.08470089224867489
36 60 0.010161413906890035
37 60 0.00965766857085981
38 60 0.03944145429099887
39 60 0.09992175113402875
40 60 0.05763925893619156
41 60 0.08413864332735006
42 60 0.08065777704689639
43 60 0.006271426879165619
44 60 0.058797188955968194
45 60 0.051215926751177296
46 60 0.00022962287387551234
47 60 0.017878087279669393
48 60 0.9087276136983994
49 60 0.04453918445259413
50 60 0.06848400339796858
51 60 0.05818107192381848
52 60 0.032177731184385834
53 60 0.07676396188346114
54 60 0.09305205931401482
55 60 0.04626883007009349
56 60 0.07634405046101433
57 60 0.0488005411770356
58 60 0.9965082163407258
59 60 0.9443394283963451
0 61 0.011669892412463032
1 61 0.07321241422642856
2 61 0.08165620134835991
3 61 0.01636360567778725
4 61 0.055922882600064415
5 61 0.05964114102044507
6 61 0.009657540923382488
7 61 0.05499077416721796
8 61 0.07462732249964017
9 61 0.04486140978814545
10 61 0.07774161408665267
11 61 0.07568921974948768
12 61 0.04276659955170351
13 61 0.07107440726448122
14 61 0.024267042231662934
15 61 0.06898123502691021
16 61 0.051837131757995904
17 61 0.05316915338209359
18 61 0.0006797630345751092
19 61 0.050638546515362245
20 61 0.07381485962478371
21 61 0.05366958680944165
22 61 0.05523781511053346
23 61 0.09518477461563225
24 61 0.08015102873347985
25 61 0.06097990177383693
26 61 0.059365011858108475
27 61 0.03548728076022206
28 61 0.04920495686272571
29 61 0.03037110401467717
30 61 0.0006916960190151421
31 61 0.02768750001403732
32 61 0.0971990432800485
33 61 0.01280848359232761
34 61 0.07108021725678071
35 61 0.06839166227748279
36 61 0.0808094866349522
37 61 0.01650129339104422
38 61 0.09764771003460704
39 61 0.04951967158759456
40 61 0.06640115251385204
41 61 0.05264645755779936
42 61 0.09289397459367175
43 61 0.08670399667059245
44 61 0.01744073240612015
45 61 0.056919448288716944
46 61 0.06091014359959702
47 61 0.05087657584169734
48 61 0.9477925448297794
49 61 0.05928079458895136
50 61 0.0002903288536309611
51 61 0.04119081623841655
52 61 0.07520974290191865
53 61 0.07663855519998572
54 61 0.06049814956332414
55 61 0.9121933479639414
56 61 0.0456197650891912
57 61 0.9176262348308954
58 61 0.9503656001732566
59 61 0.9497165894047217
60 61 0.9895541881814041
0 62 0.013917459121172935
1 62 0.07234966781202036
2 62 0.02530770600598999
3 62 0.08747504669395864
4 62 0.079973126960841
5 62 0.07209541494384969
6 62 0.09596719046284714
7 62 0.060131650526354025
8 62 0.05118109140897105
9 62 0.03362336676351719
10 62 0.08685340964286876
11 62 0.08719096155426911
12 62 0.01765854291937649
13 62 0.0347304509319231
14 62 0.011793520732252625
15 62 0.07261702484881616
16 62 0.04129624581815631
17 62 0.0363373242980791
18 62 0.007566929115679442
19 62 0.09340387454055238
20 62 0.0807463613356291
21 62 0.05401332594681297
22 62 0.06240617358306404
23 62 0.024424694769913474
24 62 0.09547591687879231
25 62 0.05797300363349423
26 62 0.062469361222062286
27 62 0.05254932954104983
28 62 0.08676274941616538
29 62 0.05903151385349868
30 62 0.09575660601846561
31 62 0.0024493469585879276
32 62 0.017874958404013305
33 62 0.012897936210726033
34 62 0.05773036266280768
35 62 0.09792095456795728
36 62 0.07500627301006706
37 62 0.06664713747390272
38 62 0.05859828445398689
39 62 0.030242223461190314
40 62 0.03993414005689078
41 62 0.9783700069822548
42 62 0.06564696260848525
43 62 0.06440478533700623
44 62 0.051148827605466185
45 62 0.04417627312929935
46 62 0.033754093803921
47 62 0.027585062640324825
48 62 0.9469948554945943
49 62 0.025782292306145354
50 62 0.009458016564697011
51 62 0.05504861890159285
52 62 0.030935191245616226
53 62 0.08315505170403546
54 62 0.06110176325745061
55 62 0.9184868504560878
56 62 0.07279506967703243
57 62 0.9599226152284275
58 62 0.9399517777157611
59 62 0.9436838584285759
60 62 0.9998554508371733
61 62 0.9359008123981446
0 63 0.04241833356850583
1 63 0.09264084920860881
2 63 0.004688695948097542
3 63 0.011022880422217848
4 63 0.003258357367975661
5 63 0.04435116541233097
6 63 0.004650676153295796
7 63 0.0635451398023264
8 63 0.057401004038666555
9 63 0.027484887668050424
10 63 0.09264403965368878
11 63 0.053493434392941706
12 63 0.018633650914668728
13 63 0.04645533693673035
14 63 0.04062524000537351
15 63 0.07066540275893304
16 63 0.002583168928692336
17 63 0.04257587776989824
18 63 0.06853512089001969
19 63 0.030811892643001597
20 63 0.00469088919170435
21 63 0.04299142965945355
22 63 0.06174173907651689
23 63 0.08281786743492818
24 63 0.04943147982866682
25 63 0.0014156385245576272
26 63 0.07666618266283236
27 63 0.030490941743174776
28 63 0.025670592755376715
29 63 0.01654389201034615
30 63 0.06372178808076102
31 63 0.004066648028072638
32 63 0.020673288444255707
33 63 0.02217187487130457
34 63 0.029469577632646366
35 63 0.05923056639106703
36 63 0.08489815646855743
37 63 0.003973390627118555
38 63 0.03082449611239994
39 63 0.009157245731171201
40 63 0.05208938736202099
41 63 0.09665951475142107
42 63 0.09679445935021466
43 63 0.09499828947453481
44 63 0.02487706407129429
45 63 0.09195855859416123
46 63 0.04770196176985839
47 63 0.050643218452250074
48 63 0.9078888308100858
49 63 0.07191053953442395
50 63 0.06983047485479872
51 63 0.059950206390737136
52 63 0.0039446254031377794
53 63 0.04715978805555123
54 63 0.06844694163729788
55 63 0.9800200075618883
56 63 0.09659141247922055
57 63 0.9018847638543469
58 63 0.938318757843982
59 63 0.9907559482276415
60 63 0.9100350290986795
61 63 0.949830508745482
62 63 0.9239951419364861
0 64 0.0030619032255098646
1 64 0.06342024247295878
2 64 0.014916145182490377
3 64 0.04819330691781008
4 64 0.026899113341908847
5 64 0.07214135799514677
6 64 0.07028977559486928
7 64 0.038145525072988656
8 64 0.08737212631970535
9 64 0.043734831504111296
10 64 0.09775365647024177
11 64 0.9110043423161907
12 64 0.06623314240353766
13 64 0.056883728508351494
14 64 0.06320453557846101
15 64 0.09026728215276085
16 64 0.05510895439588962
17 64 0.022614794849582204
18 64 0.06449641553763148
19 64 0.04973740896756029
20 64 0.05153096451436179
21 64 0.04787717206770424
22 64 0.04294059030973348
23 64 0.08225438613928797
24 64 0.08749379415666608
25 64 0.06465708309217061
26 64 0.05616314626033936
27 64 0.0908823655834493
28 64 0.04618236047669251
29 64 0.035210130019061286
30 64 0.012689220446525049
31 64 0.061653118239169455
32 64 0.024418452716208745
33 64 0.044466030595196826
34 64 0.08182863965758648
35 64 0.06125778231144643
36 64 0.08291458841628581
37 64 0.06017414181656827
38 64 0.05349105677138139
39 64 0.06432034425102102
40 64 0.027576343195985013
41 64 0.07997680420567804
42 64 0.004952742100810113
43 64 0.055384749799034357
44 64 0.05255463355781527
45 64 0.04897382041954255
46 64 0.027198363661092788
47 64 0.05560915859065133
48 64 0.9871210506220618
49 64 0.04516840215732404
50 64 0.013095620424501594
51 64 0.012872401819905363
52 64 0.025135119591706175
53 64 0.0940736561715152
54 64 0.07426577512224689
55 64 0.9220054547527999
56 64 0.03186629642268813
57 64 0.9830671366888697
58 64 0.9652058839765003
59 64 0.9083917034564225
60 64 0.9838676305603131
61 64 0.983071236978063
62 64 0.9013368711803842
63 64 0.9845495458003822
0 65 0.08904235636439815
1 65 0.03420521714194426
2 65 0.06461931476340475
3 65 0.047687987444880606
4 65 0.03240657442636779
5 65 0.009114620262317739
6 65 0.03228368380881455
7 65 0.08279749157117917
8 65 0.06979072718840193
9 65 0.005697918825231173
10 65 0.09521105556369455
11 65 0.05534819625038123
12 65 0.0977505627752531
13 65 0.06777674008388562
14 65 0.029535171375082176
15 65 0.06322929299450199
16 65 0.04558120052311626
17 65 0.0935930498107939
18 65 0.011755009351058074
19 65 0.04086070384873678
20 65 0.006728354232950427
21 65 0.002120518151239636
22 65 0.04686312324515222
23 65 0.0038556091928855663
24 65 0.01346515040343221
25 65 0.02454527273856792
26 65 0.06263289067300339
27 65 0.028009947192509647
28 65 0.05813314417978986
29 65 0.05174945996670001
30 65 0.038232992558783596
31 65 0.008277065909067448
32 65 0.09069873816375366
33 65 0.09120103250948557
34 65 0.04237843234158067
35 65 0.010301713276631383
36 65 0.07790849436856268
37 65 0.09662508114347843
38 65 0.019271764184591617
39 65 0.06695038142406243
40 65 0.07955214773615549
41 65 0.07037384876539636
42 65 0.005446025740815573
43 65 0.03744020517746982
44 65 0.09956064879409593
45 65 0.08952321886938945
46 65 0.025763970021514666
47 65 0.07921838513021694
48 65 0.9510715823611023
49 65 0.03538164090084496
50 65 0.08111564564587664
51 65 0.08819353057732239
52 65 0.008858939856966817
53 65 0.05945321536240652
54 65 0.015443959827137407
55 65 0.9217670525571422
56 65 0.0660387564637775
57 65 0.9722742846805267
58 65 0.948015292178416
59 65 0.9282678294631735
60 65 0.939371980516642
61 65 0.9846870665390903
62 65 0.9579566549870875
63 65 0.9107984510528467
64 65 0.9784302627805459
0 66 0.05541886377746343
1 66 0.06546764039731787
2 66 0.09065723153820308
3 66 0.09515075530569266
4 66 0.05615426702754998
5 66 0.08982510537387367
6 66 0.08999834425736278
7 66 0.014743103139159172
8 66 0.09173813150201088
9 66 0.07117153667352695
10 66 0.08069336705692352
11 66 0.05926151341449654
12 66 0.09884017534466102
13 66 0.02996573615571773
14 66 0.05784484624859049
15 66 0.09611379358038741
16 66 0.0393552227163707
17 66 0.04210843617598721
18 66 0.055992361825573475
19 66 0.0027125254433333795
20 66 0.015200644078535793
21 66 0.04143123633636331
22 66 0.0845461106180753
23 66 0.09136911994988817
24 66 0.038021046780932266
25 66 0.016404109898249482
26 66 0.053998119819469934
27 66 0.08620638890482216
28 66 0.014764968601044978
29 66 0.04933798431603194
30 66 0.04117038412145801
31 66 0.06820683794393148
32 66 0.08138904178365163
33 66 0.03515559384080642
34 66 0.06807609372598096
35 66 0.02279187610614806
36 66 0.011220132613959264
37 66 0.054585047427760436
38 66 0.09908304979601415
39 66 0.07735413864728792
40 66 0.07461306800957924
41 66 0.03918982040167484
42 66 0.02535930082347399
43 66 0.020502560813568133
44 66 0.04306754019537275
45 66 0.02030434101048961
46 66 0.03651139249526907
47 66 0.025205248861173073
48 66 0.9623113495848793
49 66 0.004816457977282739
50 66 0.04690346382530308
51 66 0.029104519992630088
52 66 0.034211547226002295
53 66 0.09980617649533037
54 66 0.020640807990528483
55 66 0.052337916461030684
56 66 0.035607306249471185
57 66 0.07043054561517605
58 66 0.9730459726137706
59 66 0.9701207096633645
60 66 0.9139857269495768
61 66 0.9837286454832672
62 66 0.9302444417591769
63 66 0.9671363369434968
64 66 0.9983911332929314
65 66 0.9338160859126803
0 67 0.09454303009868871
1 67 0.0029699891815284534
2 67 0.08072245629297267
3 67 0.07292013152292547
4 67 0.0018204069194817647
5 67 0.0007388442788954007
6 67 0.057270100808196354
7 67 0.03849501454152235
8 67 0.05814572624694714
9 67 0.08543713821248972
10 67 0.025943270253875623
11 67 0.04870328524309886
12 67 0.029149416954628086
13 67 0.08963639648481606
14 67 0.061670924265038174
15 67 0.05548071988374049
16 67 0.008443435775178096
17 67 0.0517440838006506
18 67 0.021712455077194964
19 67 0.07393417808164456
20 67 0.07019664512954704
21 67 0.0014941445517558602
22 67 0.060866148663572935
23 67 0.014158938319373789
24 67 0.055531379255743314
25 67 0.0735950900801221
26 67 0.07503339219344385
27 67 0.01323492005456288
28 67 0.0329310151534891
29 67 0.04679653328681053
30 67 0.032103702254772284
31 67 0.06748683753843837
32 67 0.00749876179926403
33 67 0.0818646959674828
34 67 0.035599167891313635
35 67 0.0944894964741776
36 67 0.05737111631604822
37 67 0.07426943342200157
38 67 0.01054541116914177
39 67 0.06437048531758188
40 67 0.04358966973624284
41 67 0.07968391728128428
42 67 0.08432777736799496
43 67 0.03890329502808505
44 67 0.014567128799867199
45 67 0.04332156590031049
46 67 0.06196834301611501
47 67 0.08726982658473374
48 67 0.008885346013647252
49 67 0.09191344740740913
50 67 0.023975586185367652
51 67 0.027316430232391192
52 67 0.05145513919378676
53 67 0.09398452700084776
54 67 0.032171326979373464
55 67 0.06608688195438339
56 67 0.048079740215584345
57 67 0.9763983130166355
58 67 0.0815650246016814
59 67 0.048192910220001814
60 67 0.05194872278270024
61 67 0.08368467208203158
62 67 0.03813844084133633
63 67 0.005225553482401178
64 67 0.08284124679914699
65 67 0.08250847631187251
66 67 0.0005125733143775401
0 68 0.08848033336452203
1 68 0.08971140866261514
2 68 0.09379172309211617
3 68 0.09368801827832113
4 68 0.0366036958682455
5 68 0.041649313687036504
6 68 0.030592661194585397
7 68 0.03385485471422566
8 68 0.05714397259736513
9 68 0.09060436947773563
10 68 0.010912345926252563
11 68 0.9527028420559742
12 68 0.08991257394845689
13 68 0.028527094549450877
14 68 0.05877191685275197
15 68 0.05797057406629112
16 68 0.07467878957391595
17 68 0.037078132664119016
18 68 0.07113376089910828
19 68 0.032885093699179226
20 68 0.021704735077194455
21 68 0.04415094681733611
22 68 0.020422928568468553
23 68 0.05528588506217972
24 68 0.973022211210804
25 68 0.9916256476902777
26 68 0.0811788057151769
27 68 0.9617962058445059
28 68 0.05264600104391076
29 68 0.0033131362062207453
30 68 0.019119706486828966
31 68 0.05703430742038067
32 68 0.03548142409292126
33 68 0.053859786886957396
34 68 0.029797950282299528
35 68 0.01715162160693988
36 68 0.036871838363195276
37 68 0.023763057756816426
38 68 0.006379503691505249
39 68 0.04158393382172505
40 68 0.09712928271462859
41 68 0.9579151916315518
42 68 0.025607022559561515
43 68 0.006852248473447541
44 68 0.048111138314150995
45 68 0.029524570317242975
46 68 0.028762781146521314
47 68 0.04135023923097849
48 68 0.938974214769773
49 68 0.07365367103947011
50 68 0.005593073362739197
51 68 0.08861854653933392
52 68 0.07873655214551631
53 68 0.008127608351912294
54 68 0.09444063720851073
55 68 0.09252377362779604
56 68 0.0847710179965129
57 68 0.024451849311659085
58 68 0.0917069566955474
59 68 0.0835140308850188
60 68 0.016704935883433376
61 68 0.06987239118067061
62 68 0.09629499536905643
63 68 0.017762583974054308
64 68 0.06704200873625665
65 68 0.049160707089366776
66 68 0.03968703729877428
67 68 0.07482555508365178
0 69 0.04707802069562639
1 69 0.02374890657486924
2 69 0.006442217601110333
3 69 0.03120153339407809
4 69 0.0156717510855735
5 69 0.03445440517213897
6 69 0.005111141771725002
7 69 0.04161466798129489
8 69 0.013659462713132106
9 69 0.018600523337689842
10 69 0.09871339011705528
11 69 0.9062422730524903
12 69 0.08303916464095089
13 69 0.00015706741268767252
14 69 0.0982390058059915
15 69 0.030400773862969025
16 69 0.05043804885644444
17 69 0.018024656994756402
18 69 0.02792925965087964
19 69 0.09119312133232638
20 69 0.08157181976497045
21 69 0.08255503399947009
22 69 0.01024393231396877
23 69 0.0742074132964087
24 69 0.9720926727448391
25 69 0.9412582036894901
26 69 0.0693896373616296
27 69 0.9904747527736693
28 69 0.08086334111231025
29 69 0.055336448397528215
30 69 0.03687105136762622
31 69 0.0422191623042936
32 69 0.01418491863316663
33 69 0.03616380259159716
34 69 0.09251776574202814
35 69 0.09737810866851146
36 69 0.01643162568582349
37 69 0.015956154887371374
38 69 0.09699429646044336
39 69 0.08418731242744631
40 69 0.06284635856186328
41 69 0.9422096623558541
42 69 0.015297748180619438
43 69 0.04848750966795331
44 69 0.02734238982771244
45 69 0.012719517049006021
46 69 0.06385350236153171
47 69 0.015351852562294419
48 69 0.9400070462423187
49 69 0.08871116056971433
50 69 0.022584107389186186
51 69 0.03505986483111087
52 69 0.09500346218695767
53 69 0.05136409870891898
54 69 0.01954350144693791
55 69 0.0393312419063545
56 69 0.08169495516731713
57 69 0.015694221071801726
58 69 0.02591766792912978
59 69 0.09492748376009488
60 69 0.016198805477224083
61 69 0.07271626828429639
62 69 0.01943624957375853
63 69 0.040659947176106916
64 69 0.058484259937114466
65 69 0.007794551909852919
66 69 0.07072575596798662
67 69 0.0914985189187261
68 69 0.9253744486572509
0 70 0.09945146607090086
1 70 0.08463726405296922
2 70 0.07148487635777843
3 70 0.07090612774477034
4 70 0.08613678077523364
5 70 0.05446718697882828
6 70 0.07939078416940026
7 70 0.05387457306788724
8 70 0.08327789833933044
9 70 0.008577141421716937
10 70 0.04478354499723532
11 70 0.9981481279036992
12 70 0.046135928417718665
13 70 0.01237141041921452
14 70 0.06249283066983292
15 70 0.0037040982550572525
16 70 0.01108658401051754
17 70 0.0032781440995658046
18 70 0.014007315370983394
19 70 0.068274837377789
20 70 0.09355182552230588
21 70 0.0032259777104172043
22 70 0.055566957136223595
23 70 0.09998976592712218
24 70 0.9067309501531368
25 70 0.9324296085121043
26 70 0.06866728002604026
27 70 0.9145462275435281
28 70 0.023551722082689214
29 70 0.058972105711356866
30 70 0.07898375261998308
31 70 0.05238097722945031
32 70 0.08615557636634044
33 70 0.04820803015270246
34 70 0.08565390625468328
35 70 0.04122038705358024
36 70 0.007096493782782175
37 70 0.016245327338456825
38 70 0.02742204012242781
39 70 0.0326263027190989
40 70 0.012926362282174373
41 70 0.9039506952041854
42 70 0.010813318578618556
43 70 0.018607633720686873
44 70 0.05052116587598445
45 70 0.057672550430799274
46 70 0.05708579884988052
47 70 0.09006316766912262
48 70 0.00754410243684057
49 70 0.0855122946721298
50 70 0.034929048821694786
51 70 0.05175298492144463
52 70 0.03264991653540742
53 70 0.03063050312953513
54 70 0.03613500863337415
55 70 0.012426103463986867
56 70 0.032448195114663354
57 70 0.09356498613113083
58 70 0.9568777118704184
59 70 0.03551932979334124
60 70 0.06996055069141208
61 70 0.005828212106771612
62 70 0.06328993549428409
63 70 0.07977663941120729
64 70 0.044873907290308435
65 70 0.037285366662317056
66 70 0.01247796003769915
67 70 0.08887878299661915
68 70 0.9988960332775818
69 70 0.9550827864370982
0 71 0.03126842929972704
1 71 0.029096406441760352
2 71 0.08161611944097989
3 71 0.024304906709716672
4 71 0.08180309018144365
5 71 0.051864084719634815
6 71 0.06324869909262149
7 71 0.0031647387868485857
8 71 0.06280033120578446
9 71 0.07390937316754224
10 71 0.07849931437154566
11 71 0.9357904090118495
12 71 0.019332518049690568
13 71 0.07044393835968393
14 71 0.06467593845531013
15 71 0.06265602722267734
16 71 0.06654694033307568
17 71 0.015086209189999308
18 71 0.06950727551264624
19 71 0.0857156874561363
20 71 0.019683628270393324
21 71 0.006366476065034064
22 71 0.09233752205323165
23 71 0.07153539170403753
24 71 0.08580346039208103
25 71 0.9338165088544077
26 71 0.07328603968068526
27 71 0.950430138325022
28 71 0.07069182478606723
29 71 0.09057710581629805
30 71 0.0922675973276758
31 71 0.01742914155168826
32 71 0.013497929220298884
33 71 0.08444805636684996
34 71 0.023171452192697877
35 71 0.07301302896792858
36 71 0.06346872700346942
37 71 0.05514439583733791
38 71 0.016965175403923324
39 71 0.0934363158361139
40 71 0.022562737830239682
41 71 0.988118044300816
42 71 0.01113086760157964
43 71 0.09540776127662515
44 71 0.025903307242610356
45 71 0.09498468030552656
46 71 0.09714398131030325
47 71 0.08440870831143991
48 71 0.9771378844648726
49 71 0.0189059629824556
50 71 0.007408526139286252
51 71 0.05884422760406949
52 71 0.07108821736601983
53 71 0.014115046409029438
54 71 0.0704990552223012
55 71 0.03683032683525478
56 71 0.031912819620063176
57 71 0.07647062300961163
58 71 0.0928861476903478
59 71 0.06797192620407053
60 71 0.05706099142699915
61 71 0.09913999472910758
62 71 0.08342326226817265
63 71 0.07740140699468259
64 71 0.02395442588850371
65 71 0.025734691563164352
66 71 0.0038049096114127316
67 71 0.08002517269204495
68 71 0.932625590177751
69 71 0.9195427155577555
70 71 0.9700739978069508
0 72 0.050413159998089485
1 72 0.08110809704682438
2 72 0.0014330629145243075
3 72 0.07359701170263651
4 72 0.035984173707693516
5 72 0.02496069942789409
6 72 0.010030681759479663
7 72 0.06907004278262134
8 72 0.033908405119250536
9 72 0.0673941130269208
10 72 0.08251480297075886
11 72 0.9989710223917174
12 72 0.06716595778901568
13 72 0.06673258792832723
14 72 0.04968231946960335
15 72 0.07019743048463334
16 72 0.023856298384409474
17 72 0.0356250676508337
18 72 0.026243712158874548
19 72 0.08144171909220478
20 72 0.09714976570957816
21 72 0.02181351565204776
22 72 0.05776797047296229
23 72 0.017667462367202652
24 72 0.08565082646889091
25 72 0.06770406596089261
26 72 0.954521344270163
27 72 0.9453121920810853
28 72 0.015156835423806877
29 72 0.0017844039149897512
30 72 0.0719285351145492
31 72 0.07972090419836812
32 72 0.03703050558507096
33 72 0.007630729422721992
34 72 0.017033963451676466
35 72 0.015994525258696497
36 72 0.09601131685182278
37 72 0.09910601210460745
38 72 0.09978150128306099
39 72 0.06465629268851336
40 72 0.07769753866901542
41 72 0.027025056306073197
42 72 0.08923317677094521
43 72 0.03364707047792238
44 72 0.09404912582423991
45 72 0.007159861463557492
46 72 0.0746168144419066
47 72 0.0791528382251134
48 72 0.06127540983067987
49 72 0.07023281081090353
50 72 0.021756724905248142
51 72 0.029145093078766275
52 72 0.06353865889406408
53 72 0.0026325615615074953
54 72 0.08124603654939899
55 72 0.04565091753060253
56 72 0.09543000740596257
57 72 0.033514488411397286
58 72 0.07708118590862888
59 72 0.07392195500129373
60 72 0.08240497302058915
61 72 0.03454927436757417
62 72 0.05169785844717034
63 72 0.04411423689229717
64 72 0.08244680602043261
65 72 0.00878776964567881
66 72 0.09658852766259396
67 72 0.04901902215484155
68 72 0.07038876800558704
69 72 0.0659627954444231
70 72 0.07353198638804953
71 72 0.0658559392744721
0 73 0.021315906229533773
1 73 0.04423349138554035
2 73 0.00859541717681179
3 73 0.042639302611707355
4 73 0.0009259684727929261
5 73 0.0188172082110133
6 73 0.03113497162966498
7 73 0.001937591264812521
8 73 0.07424886845513878
9 73 0.020871594469469606
10 73 0.029913974115850554
11 73 0.0774488502135384
12 73 0.07109357120578898
13 73 0.05364271556636291
14 73 0.03647479100644772
15 73 0.07171592867258329
16 73 0.028369673883600916
17 73 0.08783967538773872
18 73 0.05221448406687831
19 73 0.043481322333313775
20 73 0.06370405848637899
21 73 0.021295546688094465
22 73 0.0697188095239996
23 73 0.05585146309642278
24 73 0.051677518781694576
25 73 0.06864344609100796
26 73 0.021603460089418176
27 73 0.018475250937588446
28 73 0.09360910759029992
29 73 0.03536041177229739
30 73 0.06766188511593911
31 73 0.007370488440582555
32 73 0.022682557438131228
33 73 0.05680911472720963
34 73 0.06224759058964639
35 73 0.07542182173140896
36 73 0.07110467832549378
37 73 0.09001205599650898
38 73 0.09706632960740649
39 73 0.018973277061078094
40 73 0.028174576937113366
41 73 0.05054227580321542
42 73 0.05764972644844818
43 73 0.0840496680795782
44 73 0.09418688626406066
45 73 0.03978747507600351
46 73 0.07467245429662195
47 73 0.08540993043530117
48 73 0.9263968547066209
49 73 0.05092006694495001
50 73 0.025184521339653883
51 73 0.0006878562088294958
52 73 0.04515410612161234
53 73 0.06067762479517647
54 73 0.058429313985197115
55 73 0.07759864965083893
56 73 0.01398549646726088
57 73 0.0694628751081403
58 73 0.07649590893454912
59 73 0.06249194339146854
60 73 0.0484892977870647
61 73 0.028388451896349913
62 73 0.07007393685958485
63 73 0.04814690383457067
64 73 0.0245869809880671
65 73 0.013345095159023742
66 73 0.05175870338663374
67 73 0.008965154214944968
68 73 0.045491921077897506
69 73 0.0956060598716119
70 73 0.08891353806215628
71 73 0.04128240748965848
72 73 0.0985017040807947
0 74 0.08905228598916794
1 74 0.08411491546969223
2 74 0.00453524942160921
3 74 0.08484652852225406
4 74 0.05348253265685799
5 74 0.038160654120867436
6 74 0.03689419349873814
7 74 0.03159496081870906
8 74 0.0605352094674756
9 74 0.07553613700046799
10 74 0.07173732202528167
11 74 0.01495069214939901
12 74 0.05967463032989584
13 74 0.0898132952064466
14 74 0.030616521540091594
15 74 0.06449687410581191
16 74 0.015002147857255628
17 74 0.08382341771559951
18 74 0.08246801237778463
19 74 0.06831169128774407
20 74 0.02554271178315735
21 74 0.0908349933721213
22 74 0.04218194987974513
23 74 0.06268665454254088
24 74 0.07297964904353882
25 74 0.020833322606820387
26 74 0.07040126186797335
27 74 0.011586661088529534
28 74 0.09153983766137776
29 74 0.005570247673842387
30 74 0.02282117850209004
31 74 0.09198808068588486
32 74 0.07994601364519699
33 74 0.09592556617003671
34 74 0.010175109065561303
35 74 0.08793952335290377
36 74 0.06009147412835805
37 74 0.0038521382150972553
38 74 0.04885234797037906
39 74 0.030115036817345224
40 74 0.09098531100590188
41 74 0.05892194082617142
42 74 0.07690990922823938
43 74 0.07871962512575309
44 74 0.004798555818708305
45 74 0.0729937855889497
46 74 0.09188959558773355
47 74 0.07230412007683895
48 74 0.9256323280438892
49 74 0.002289111364337259
50 74 0.07135308911222984
51 74 0.08796415767883213
52 74 0.00041821521291420796
53 74 0.03468493586425432
54 74 0.07791025689071024
55 74 0.06348002089481018
56 74 0.08255953331746835
57 74 0.03078062507762769
58 74 0.010746752540714962
59 74 0.0462501697830346
60 74 0.05449608639977114
61 74 0.007744027296624765
62 74 0.06991862643186432
63 74 0.06898672864808834
64 74 0.0166797185287593
65 74 0.044282600190514644
66 74 0.05944653695482313
67 74 0.015273208161364267
68 74 0.06477694126015876
69 74 0.04135240283953349
70 74 0.07711218534541167
71 74 0.09742774028047677
72 74 0.0012769712870557611
73 74 0.9308524423320221
0 75 0.0949623654531573
1 75 0.09811490976577876
2 75 0.061330273262422415
3 75 0.08141095382550582
4 75 0.04105306681763473
5 75 0.05401352612612328
6 75 0.049112022052064
7 75 0.021255881695826314
8 75 0.0032274248928032094
9 75 0.030315123818043847
10 75 0.023938698202261306
11 75 0.015123185824810967
12 75 0.03150849448472338
13 75 0.09163924156659854
14 75 0.08027056880237374
15 75 0.05672064010697803
16 75 0.03368624895826045
17 75 0.031654498969779156
18 75 0.048226462862960194
19 75 0.08810194143210372
20 75 0.03719689867944125
21 75 0.011093000634850246
22 75 0.06703054728093333
23 75 0.022752236045628257
24 75 0.0957398378422817
25 75 0.9182460694424417
26 75 0.09710280952237738
27 75 0.06451064094874227
28 75 0.0632644435942196
29 75 0.04304078631790311
30 75 0.01905751868221289
31 75 0.015169702664238479
32 75 0.06950809449150831
33 75 0.024180148956607278
34 75 0.0997238845912822
35 75 0.05381224917867261
36 75 0.05861996014051505
37 75 0.050648022822892026
38 75 0.08873888683238741
39 75 0.016880149175073286
40 75 0.047706573310154175
41 75 0.9256551195730112
42 75 0.027164538026609526
43 75 0.078973712293778
44 75 0.04557597820554867
45 75 0.002401015595143207
46 75 0.09787050058600384
47 75 0.02035448830346573
48 75 0.9634934881583815
49 75 0.07588218437646088
50 75 0.04919377443444375
51 75 0.04894850470015871
52 75 0.053272714154803356
53 75 0.036124267171478944
54 75 0.023064057881317563
55 75 0.07507381444501066
56 75 0.07546454714847825
57 75 0.035853205273188526
58 75 0.037268214381709054
59 75 0.004502753390826741
60 75 0.06708778708710993
61 75 0.08344301772012207
62 75 0.04215952789840133
63 75 0.09686759298314854
64 75 0.08150233606741113
65 75 0.05326632172046174
66 75 0.01101380875398764
67 75 0.07183636611263153
68 75 0.9453563727607248
69 75 0.9071512693481889
70 75 0.994095153035638
71 75 0.9204665557530484
72 75 0.04124443375602329
73 75 0.03382545961172417
74 75 0.09043606200649765
