77
0 1 0.9621765189697249
0 2 0.8863369075644818
1 2 0.1060985733739287
0 3 0.9201664376002453
1 3 0.11599407408501969
2 3 0.98082286882618
0 4 0.9795410643967337
1 4 0.05285861010428657
2 4 0.05112010299245162
3 4 0.060440629187463235
0 5 0.9750468209388627
1 5 0.03418645445212002
2 5 0.09284580669520814
3 5 0.13041476449705366
4 5 0.0028135292933878114
0 6 0.959656893809452
1 6 0.11700205814779034
2 6 0.10065567981422364
3 6 0.056588119916341474
4 6 0.025085684272056163
5 6 0.07979421404612841
0 7 0.9497816635712999
1 7 0.043145677275591175
2 7 0.1011526405076065
3 7 0.10628100967353657
4 7 0.14570917670290476
5 7 0.14976988129257413
6 7 0.08690794154025956
0 8 0.9021389444366316
1 8 0.1382056346602382
2 8 0.11295795726867264
3 8 0.0015022395633228266
4 8 0.060754434515804784
5 8 0.030838805293723834
6 8 0.02122260546418131
7 8 0.07568095594695479
0 9 0.9824581045893209
1 9 0.05642029597504466
2 9 0.12624322061169446
3 9 0.03219923512572766
4 9 0.06742027854415528
5 9 0.04877960095547516
6 9 0.13745816780376768
7 9 0.08344914452169588
8 9 0.0778293031747646
0 10 0.07003195484367031
1 10 0.01874856436393923
2 10 0.08356033680317808
3 10 0.023221912568209126
4 10 0.12666150051867356
5 10 0.07472942557804436
6 10 0.024797344319010095
7 10 0.017196877459925625
8 10 0.026733543100342264
9 10 0.10966969164980438
0 11 0.9104476772724843
1 11 0.13046768029421846
2 11 0.8697373377124569
3 11 0.897648062173855
4 11 0.13964697018871247
5 11 0.06723107374113056
6 11 0.05128658470515224
7 11 0.08367362056597975
8 11 0.002222656156708885
9 11 0.0350831971173721
10 11 0.8904063528717121
0 12 0.06699152640315309
1 12 0.01888387838943952
2 12 0.023656058057511576
3 12 0.0237007662745418
4 12 0.12246352109849623
5 12 0.02936829068744679
6 12 0.07599376229708009
7 12 0.04254742550135054
8 12 0.08387008270606439
9 12 0.04083618807566855
10 12 0.002086402296713768
11 12 0.8923487918922712
0 13 0.062048011325109384
1 13 0.07937857287837816
2 13 0.08502169569495371
3 13 0.022608164502070437
4 13 0.07705544947403486
5 13 0.06890459395384455
6 13 0.11748348035653157
7 13 0.025116072534774103
8 13 0.12264337681274803
9 13 0.12953579856304823
10 13 0.10067656933995894
11 13 0.9645962576882599
12 13 0.052969484457645696
0 14 0.011699633590327621
1 14 0.14709106548782597
2 14 0.057585546444675534
3 14 0.0706205837983554
4 14 0.00398605914048764
5 14 0.010186293409193123
6 14 0.13737973468022127
7 14 0.04598726966046163
8 14 0.029912491320354243
9 14 0.13783753251530945
10 14 0.10221090976390862
11 14 0.8732063682829911
12 14 0.07586100383447669
13 14 0.1495694495066249
0 15 0.020199697946072282
1 15 0.06972007617414228
2 15 0.045872492354936886
3 15 0.07027960984621427
4 15 0.13436509028074559
5 15 0.12157022654265426
6 15 0.10551696897163165
7 15 0.01833037174229464
8 15 0.034392768385189454
9 15 0.04029649897487071
10 15 0.08089835736609796
11 15 0.8782674724417341
12 15 0.08097715500047772
13 15 0.014591083883362268
14 15 0.011891031732134863
0 16 0.10695220316754774
1 16 0.0945150762650473
2 16 0.1159830048657367
3 16 0.07602000513557172
4 16 0.007180574812071315
5 16 0.12523730814271783
6 16 0.1019560721963951
7 16 0.11580839044244397
8 16 0.014661267831459865
9 16 0.04091956992576657
10 16 0.09191393955685126
11 16 0.004965371170497123
12 16 0.0871294098295227
13 16 0.03632681475264265
14 16 0.14427718904804634
15 16 0.07462857138758933
0 17 0.030594841126435735
1 17 0.010745557244196832
2 17 0.057792457596024985
3 17 0.03433364265895255
4 17 0.04352067670659314
5 17 0.1175718543086592
6 17 0.010962305216740334
7 17 0.028883208848201197
8 17 0.13986371042192483
9 17 0.08185792182001728
10 17 0.03932645850797881
11 17 0.05366461864264758
12 17 0.03160101787275689
13 17 0.1458678044849867
14 17 0.11123234534586675
15 17 0.08802155959023004
16 17 0.9439565172252292
0 18 0.008582215144786968
1 18 0.02181782974690825
2 18 0.11087194289061121
3 18 0.08147694361533993
4 18 0.12284208899831722
5 18 0.03202816413216284
6 18 0.03452002026560849
7 18 0.09021934652527061
8 18 0.045782400398763204
9 18 0.02563486833169243
10 18 0.03790997410376531
11 18 0.10544979886894718
12 18 0.10962558670320434
13 18 0.0884038544230983
14 18 0.0258108407431884
15 18 0.06083872799580692
16 18 0.9299164466882963
17 18 0.9359548732631852
0 19 0.025606464847476924
1 19 0.14099921802557955
2 19 0.0370165650772456
3 19 0.01526685562489732
4 19 0.08844044868219592
5 19 0.0833619706114911
6 19 0.07821288525429412
7 19 0.008472922284008009
8 19 0.1188961067164082
9 19 0.14118534081274775
10 19 0.10245896544441374
11 19 0.10382633093514149
12 19 0.0070986703920438475
13 19 0.09285632969260006
14 19 0.06451546056761467
15 19 0.010644373129208115
16 19 0.978391998692276
17 19 0.881094665228119
18 19 0.9385526758085418
0 20 0.0837802003207503
1 20 0.08425502998704645
2 20 0.13358847947681388
3 20 0.08709023695875161
4 20 0.1277984158596824
5 20 0.023201077345806103
6 20 0.1164337108457592
7 20 0.046117626126542986
8 20 0.0879091382311633
9 20 0.021666077617631434
10 20 0.01268216594487034
11 20 0.03194432643865384
12 20 0.035753429437027556
13 20 0.03961967094399748
14 20 0.014720252266214125
15 20 0.05218347012556462
16 20 0.8600007890720963
17 20 0.8729586279341844
18 20 0.8844608137435109
19 20 0.9122160473626544
0 21 0.11606400945869415
1 21 0.13266739886775666
2 21 0.0952233918612683
3 21 0.049068307180489226
4 21 0.09008753415519268
5 21 0.14388927663985648
6 21 0.10450061059841233
7 21 0.043323173427626496
8 21 0.13964807259286963
9 21 0.062167424611282864
10 21 0.1480080048031413
11 21 0.05850091965214414
12 21 0.12912307413520271
13 21 0.036039930434233286
14 21 0.05325649041010893
15 21 0.12155689340735842
16 21 0.9355445150324271
17 21 0.8916833263306753
18 21 0.9674304820821911
19 21 0.9321428020698579
20 21 0.8512553767937994
0 22 0.050310079271196115
1 22 0.04986478870325571
2 22 0.040856080389456685
3 22 0.13894483986418246
4 22 0.02578047703107586
5 22 0.13794308572594696
6 22 0.033221493128249305
7 22 0.06208144035775859
8 22 0.12965983580178073
9 22 0.014878544281628743
10 22 0.04927843511391416
11 22 0.1485687113010977
12 22 0.03961994743792215
13 22 0.05418445655913509
14 22 0.09567648556483616
15 22 0.09604747969086858
16 22 0.9884890967757575
17 22 0.9104408143097072
18 22 0.9638197500617242
19 22 0.9065886620168183
20 22 0.8687736788023573
21 22 0.9202120436604325
0 23 0.01297142955870941
1 23 0.08629456561720472
2 23 0.05096696270402596
3 23 0.11126672862503127
4 23 0.029395777332060356
5 23 0.13120273606715047
6 23 0.09123171610640798
7 23 0.11877643943203861
8 23 0.05074820824625925
9 23 0.08176964622012342
10 23 0.08792537034854168
11 23 0.8741143537804846
12 23 0.8681502527298004
13 23 0.0718232437523236
14 23 0.14320595310126052
15 23 0.059993276879124174
16 23 0.9833802359515476
17 23 0.904445682761752
18 23 0.9438770507652956
19 23 0.8841504410331132
20 23 0.9415177192780876
21 23 0.8918810392429444
22 23 0.8506826167963528
0 24 0.051673233167508666
1 24 0.1476226880339812
2 24 0.024548951243185214
3 24 0.08934380781622002
4 24 0.022620065821695064
5 24 0.09456218911934204
6 24 0.0108474806811068
7 24 0.08402850128687159
8 24 0.11644917928012966
9 24 0.034824076314471306
10 24 0.009243307302259671
11 24 0.9413942740743183
12 24 0.08806638284967194
13 24 0.13771488884520267
14 24 0.02971826687811796
15 24 0.011019915205825402
16 24 0.13778690200667984
17 24 0.06753231375892034
18 24 0.148867284807846
19 24 0.09652241045896194
20 24 0.0749137350502603
21 24 0.11543211018749698
22 24 0.05332621469051425
23 24 0.9998838588095551
0 25 0.10088740806545096
1 25 0.11378361723485987
2 25 0.015553765454731885
3 25 0.07618515763058059
4 25 0.03175048022451393
5 25 0.0006234958956093105
6 25 0.08389987546222602
7 25 0.0017100709634704277
8 25 0.10292154340209914
9 25 0.1385590542900413
10 25 0.03636142926368962
11 25 0.893502027961811
12 25 0.13338736890941957
13 25 0.005116825319691663
14 25 0.11518770021622494
15 25 0.014521376917119985
16 25 0.09504393514697501
17 25 0.1119329744209159
18 25 0.09795496681731017
19 25 0.1453775434001842
20 25 0.05832933862020133
21 25 0.08199187959444403
22 25 0.14435994209734437
23 25 0.8755098916858097
24 25 0.8762835325059167
0 26 0.09129388735767861
1 26 0.08818704369462006
2 26 0.010652521366549537
3 26 0.06875572294158304
4 26 0.06291024046967451
5 26 0.005339542117756723
6 26 0.005864789004701602
7 26 0.14531739766520876
8 26 0.13097337604816775
9 26 0.1248489290272851
10 26 0.12189144404852484
11 26 0.9735189352013442
12 26 0.1282760705575577
13 26 0.11645911999802823
14 26 0.008392064002555242
15 26 0.004153744051243662
16 26 0.9065967540484932
17 26 0.08211245767876155
18 26 0.03656749451767383
19 26 0.10270054701568065
20 26 0.12364669354223452
21 26 0.07064641065976826
22 26 0.12616061577707652
23 26 0.14080957538734828
24 26 0.9397439372562891
25 26 0.9457939514929359
0 27 0.07653684926026558
1 27 0.07129436391514508
2 27 0.08438458823647814
3 27 0.14590464712488424
4 27 0.10319415353759195
5 27 0.14470049877349445
6 27 0.11822886707791767
7 27 0.04046186064047194
8 27 0.03967230769750834
9 27 0.024495303196015124
10 27 0.1177727673028012
11 27 0.9439916559972334
12 27 0.09835586395381171
13 27 0.13919226130433626
14 27 0.1283404662664157
15 27 0.12964276358583834
16 27 0.03988058949791395
17 27 0.08056613816052269
18 27 0.12522577884486036
19 27 0.1488368813266754
20 27 0.004942362143451711
21 27 0.07947020784358966
22 27 0.10723143672854582
23 27 0.9096277268912052
24 27 0.9276699287053372
25 27 0.8991202077746789
26 27 0.9430074986362975
0 28 0.018484420049448808
1 28 0.019100250344218164
2 28 0.06617440046204058
3 28 0.10858260313345551
4 28 0.08154502130195225
5 28 0.1103784778934548
6 28 0.05431352858954237
7 28 0.05207579888713418
8 28 0.1441399420127829
9 28 0.10900089388534652
10 28 0.08946184338959892
11 28 0.9917693884111636
12 28 0.14030503176776704
13 28 0.1270274990221433
14 28 0.023067997743308307
15 28 0.10926919827833463
16 28 0.12438546396210089
17 28 0.016027094658946476
18 28 0.034832136753112565
19 28 0.03530668967907842
20 28 0.05746608315378161
21 28 0.04370894953165446
22 28 0.05255035007234864
23 28 0.105585703101266
24 28 0.14647253488295464
25 28 0.1161238660730797
26 28 0.13625479715141792
27 28 0.940291584570873
0 29 0.11962884249332595
1 29 0.02769091658764879
2 29 0.11423370869029516
3 29 0.05553289615264379
4 29 0.06190523440479459
5 29 0.06595385845780932
6 29 0.09599876444223196
7 29 0.14871829378768928
8 29 0.03381336312290891
9 29 0.10996960101762653
10 29 0.13493083766753827
11 29 0.9369673910082332
12 29 0.08336720584334972
13 29 0.09902388650917321
14 29 0.042326418182407864
15 29 0.10639082505512022
16 29 0.02862999989871236
17 29 0.08259992527659062
18 29 0.056294626481931606
19 29 0.04515551683857976
20 29 0.09538182587064306
21 29 0.07069617543616014
22 29 0.040417616376937124
23 29 0.9518905082681642
24 29 0.011363737549902168
25 29 0.07482402655217407
26 29 0.025914885363431884
27 29 0.8869379314375893
28 29 0.12677300891455903
0 30 0.08946758398157406
1 30 0.09927219969406235
2 30 0.07677470331188786
3 30 0.04355362853438965
4 30 0.1032164593479312
5 30 0.05388712668692075
6 30 0.10890573282306333
7 30 0.07410036915689429
8 30 0.017679036146359097
9 30 0.0320843284372267
10 30 0.0873944000959835
11 30 0.032294413133049184
12 30 0.09394111637589285
13 30 0.08397667328848789
14 30 0.03271722408162294
15 30 0.11461243987567814
16 30 0.02800527381338001
17 30 0.10650683996542347
18 30 0.023544659261898665
19 30 0.053896612541928415
20 30 0.00550173090283249
21 30 0.1388499755921026
22 30 0.13234306493205852
23 30 0.9835110630929162
24 30 0.10993539812138228
25 30 0.10365711930676372
26 30 0.020802274681263135
27 30 0.046056557971428984
28 30 0.1288311489241978
29 30 0.04502165176898906
0 31 0.07206234071113551
1 31 0.009271842543753697
2 31 0.04848208826688433
3 31 0.10567968257500938
4 31 0.14695807208758135
5 31 0.01353061707804032
6 31 0.05239840806105681
7 31 0.004725432000756396
8 31 0.10753015430960854
9 31 0.08842179688045233
10 31 0.106753411913235
11 31 0.8984913302554834
12 31 0.13913810032807053
13 31 0.10238208147242794
14 31 0.06982487301084188
15 31 0.11215486224629649
16 31 0.0389102077775556
17 31 0.11398352674418438
18 31 0.01173628928803314
19 31 0.12204681430866869
20 31 0.06707258799324935
21 31 0.0595419740760072
22 31 0.027806648307161508
23 31 0.9661193478380766
24 31 0.014576457196794203
25 31 0.14123685095724323
26 31 0.025415412379336456
27 31 0.9016113345912677
28 31 0.008173489536535143
29 31 0.09691138272883743
30 31 0.9452037930236216
0 32 0.11335542888524247
1 32 0.11107569350478322
2 32 0.06604386974538676
3 32 0.03151401519332967
4 32 0.043202490416847525
5 32 0.1282980405458414
6 32 0.06466616683943503
7 32 0.049191538982639345
8 32 0.1386250588304418
9 32 0.0717550041990012
10 32 0.07474903246392428
11 32 0.9630258501475129
12 32 0.022605549820812847
13 32 0.12914919624269222
14 32 0.10916445112037405
15 32 0.000971762257592462
16 32 0.005147422960609281
17 32 0.08445153391193286
18 32 0.1379446474719425
19 32 0.025016964502925305
20 32 0.04633071465841331
21 32 0.018409968646079057
22 32 0.015253329294527114
23 32 0.03779907327516277
24 32 0.10055281540778693
25 32 0.12958334448062978
26 32 0.029345256059007323
27 32 0.10032032282285229
28 32 0.08750201623959845
29 32 0.016174555754556764
30 32 0.10271232236525313
31 32 0.011950134093585649
0 33 0.1487701028588323
1 33 0.039198559295117674
2 33 0.10802353644303038
3 33 0.06951424223046798
4 33 0.043452524675088956
5 33 0.028311373850930244
6 33 0.007987129520041374
7 33 0.014504566398915328
8 33 0.020272802648932126
9 33 0.05315782497455831
10 33 0.1418911121668741
11 33 0.9001474378352042
12 33 0.12910861458372638
13 33 0.006156381614749877
14 33 0.10705214090433536
15 33 0.010872477820148677
16 33 0.0309872933788967
17 33 0.030561424563143806
18 33 0.08956373486306309
19 33 0.08231430141069669
20 33 0.02616404920128986
21 33 0.08341715226936171
22 33 0.05501621071968255
23 33 0.13903637007429973
24 33 0.04190699993564876
25 33 0.11660922765689394
26 33 0.0076637089536202
27 33 0.9200351249384529
28 33 0.10099348145458059
29 33 0.1169526855407844
30 33 0.1341407908250736
31 33 0.022123059402650008
32 33 0.07005999486296527
0 34 0.05908838616968942
1 34 0.026420947934466938
2 34 0.039942376856587074
3 34 0.12508559804784894
4 34 0.007567625358004274
5 34 0.07360735849013234
6 34 0.12866769503389283
7 34 0.03869730156336693
8 34 0.09231678924732349
9 34 0.06890898286033528
10 34 0.06262958142241619
11 34 0.9511209476327369
12 34 0.12423102410277789
13 34 0.12259481368834622
14 34 0.039709970324669754
15 34 0.1030961170908504
16 34 0.08974436825676421
17 34 0.09398798776335615
18 34 0.03707590789701714
19 34 0.12726599942216343
20 34 0.12667525591152953
21 34 0.012045291981522863
22 34 0.1260417891146933
23 34 0.08669384879426602
24 34 0.11515931900730361
25 34 0.14533853991682102
26 34 0.0313349487737039
27 34 0.03464513007268255
28 34 0.07143522929294271
29 34 0.9471228402117188
30 34 0.08863518452455328
31 34 0.04901320103649421
32 34 0.12915013314994675
33 34 0.03196337382445198
0 35 0.0705856567366189
1 35 0.1427291459656124
2 35 0.1313186007491583
3 35 0.06555012643950311
4 35 0.10543747666487914
5 35 0.09855895681917723
6 35 0.045502661387812574
7 35 0.13366585416812335
8 35 0.09073883836863524
9 35 0.0025051757872490304
10 35 0.006468766321595869
11 35 0.960613512142048
12 35 0.06443199612065029
13 35 0.04797477613054193
14 35 0.13438086022636994
15 35 0.07237379976320027
16 35 0.02573472498394123
17 35 0.14586890622494325
18 35 0.11736218058066618
19 35 0.07832484243963488
20 35 0.11975665557622947
21 35 0.07332434897685719
22 35 0.13687617732161922
23 35 0.027426983540042603
24 35 0.026368569523072028
25 35 0.04959761664085313
26 35 0.09339067545324826
27 35 0.013900079877765483
28 35 0.14562543207053752
29 35 0.9426362717710142
30 35 0.04786095245707877
31 35 0.1351072881315817
32 35 0.04338961221178324
33 35 0.11757721550461345
34 35 0.8754600572418254
0 36 0.043694095887172386
1 36 0.02165777867824419
2 36 0.03191287888102603
3 36 0.08465775194948168
4 36 0.016822911988178264
5 36 0.07488379479696175
6 36 0.05777303254280569
7 36 0.11031057942034302
8 36 0.016113357837384996
9 36 0.0224494779253621
10 36 0.005287039790488566
11 36 0.9455027066897972
12 36 0.07932788175087387
13 36 0.10717049286287153
14 36 0.00027022849400465393
15 36 0.07939403213711216
16 36 0.12564632753350677
17 36 0.10227060492185386
18 36 0.035202428669531396
19 36 0.07095311457840876
20 36 0.012397357761748504
21 36 0.0585777470714419
22 36 0.0772486408094029
23 36 0.14253368400425814
24 36 0.12095318417358039
25 36 0.06334815347214258
26 36 0.0050273621402371895
27 36 0.023972260114963284
28 36 0.11745943812815626
29 36 0.9571359667317565
30 36 0.0382441561535647
31 36 0.03819006894970708
32 36 0.14599727438881394
33 36 0.06990352011732776
34 36 0.9544482575705393
35 36 0.8741301431865777
0 37 0.12482578357677271
1 37 0.025622589791172053
2 37 0.06542647268935772
3 37 0.025104699423545485
4 37 0.09564555016637885
5 37 0.00994481262215939
6 37 0.12304950250626637
7 37 0.135530480493808
8 37 0.14290940068276803
9 37 0.13686535892140328
10 37 0.09727227949522296
11 37 0.9319377517538735
12 37 0.05867405899066761
13 37 0.05287448125548888
14 37 0.08885397833688626
15 37 0.04466566104901509
16 37 0.07774028650839807
17 37 0.13217780398835213
18 37 0.08581833054926538
19 37 0.04949539919012161
20 37 0.12306810380213834
21 37 0.13110519013430205
22 37 0.06724270355938482
23 37 0.13197583304290092
24 37 0.030516435122389024
25 37 0.03540883906592451
26 37 0.11089890841543586
27 37 0.12023920030919732
28 37 0.03166578940694884
29 37 0.9108425670302157
30 37 0.014038485793097785
31 37 0.08752146548271379
32 37 0.01818244237158432
33 37 0.09479283347781407
34 37 0.9551950565114834
35 37 0.8513135712171414
36 37 0.9910501912338141
0 38 0.0732417500710142
1 38 0.14915758691136274
2 38 0.07995507185079467
3 38 0.07675356141241069
4 38 0.06569256018002419
5 38 0.046165975183480805
6 38 0.11205722447451322
7 38 0.06924342375466813
8 38 0.09992181371467823
9 38 0.06198023069928341
10 38 0.006246503701859372
11 38 0.9902970911937138
12 38 0.04072144930468816
13 38 0.10069670876690393
14 38 0.04203443522364917
15 38 0.14156387070693494
16 38 0.06753286623326965
17 38 0.018269464404295728
18 38 0.14061745329466954
19 38 0.10032360767679266
20 38 0.07735957635871565
21 38 0.09797519659283717
22 38 0.08812952787854007
23 38 0.039074013465071084
24 38 0.1209462756252671
25 38 0.007348715941974347
26 38 0.05413761885404741
27 38 0.050368274702258645
28 38 0.051258502008131805
29 38 0.893813004767173
30 38 0.10737319715936745
31 38 0.04417543074119665
32 38 0.06292754269740423
33 38 0.12305470495914689
34 38 0.9953184758006189
35 38 0.8548874415973959
36 38 0.8607780004190163
37 38 0.9677595951681294
0 39 0.08780956112373392
1 39 0.0901342099709443
2 39 0.09260642259164155
3 39 0.018424801520069325
4 39 0.07485959247276147
5 39 0.0533152794853957
6 39 0.12365267101685838
7 39 0.005439132544146334
8 39 0.0921159364833583
9 39 0.08511498739655853
10 39 0.045418621332190455
11 39 0.07771966315898371
12 39 0.051045610422706326
13 39 0.030328647924465168
14 39 0.03953899153799681
15 39 0.0610121182895469
16 39 0.04629747677176795
17 39 0.13989580901470508
18 39 0.11325551505036621
19 39 0.0520055417250856
20 39 0.10274441619092148
21 39 0.028737978180287477
22 39 0.10923037106471929
23 39 0.14881846841303717
24 39 0.04458478598815515
25 39 0.9713343369171894
26 39 0.059972816674051826
27 39 0.01250220415202998
28 39 0.07614611669829069
29 39 0.02067792367773441
30 39 0.13119177258161374
31 39 0.06093598129981634
32 39 0.004836298527021676
33 39 0.03454686230081401
34 39 0.1272739091810598
35 39 0.11675996116959637
36 39 0.1065852851702413
37 39 0.08790005198989964
38 39 0.11302461654935746
0 40 0.03585210919379504
1 40 0.09962075639166729
2 40 0.05718569170614949
3 40 0.07257514507523309
4 40 0.0659693352415102
5 40 0.04804282503540235
6 40 0.12459073796863819
7 40 0.10853607592836703
8 40 0.0940056928894937
9 40 0.028510075176855294
10 40 0.06411538774615771
11 40 0.08230254868556745
12 40 0.06402882503946485
13 40 0.09096152707727692
14 40 0.04526851649771875
15 40 0.011568513423767144
16 40 0.007378677091248907
17 40 0.0987582812947751
18 40 0.0558988671704862
19 40 0.0058373292048380255
20 40 0.06849922964010238
21 40 0.06584234516783004
22 40 0.06225067746774906
23 40 0.03001649973125097
24 40 0.13413673926371625
25 40 0.9292340297835464
26 40 0.02077781360784553
27 40 0.1437875735820783
28 40 0.0726573363781453
29 40 0.04016612684431026
30 40 0.06431547725041925
31 40 0.016911825379640425
32 40 0.061295048454254555
33 40 0.10582624620083608
34 40 0.05895659011760857
35 40 0.061580934192446715
36 40 0.11454252210991388
37 40 0.147431855452216
38 40 0.013676456171584986
39 40 0.08957459896738458
0 41 0.06874693031479304
1 41 0.004209731175163294
2 41 0.11665641317617598
3 41 0.039532723214560236
4 41 0.12197686550302583
5 41 0.03133789725079075
6 41 0.14426153400239866
7 41 0.007968837017652029
8 41 0.09302282130073249
9 41 0.011041040546114952
10 41 0.10241456224894585
11 41 0.10407364506462825
12 41 0.0974862376989965
13 41 0.009796135546749365
14 41 0.07414986332351138
15 41 0.030674961284567568
16 41 0.09652447188894289
17 41 0.0936146630246671
18 41 0.040313986973664215
19 41 0.041962392776144455
20 41 0.13699218145892794
21 41 0.01607566997802347
22 41 0.10290159081174505
23 41 0.14990143470025022
24 41 0.899040012273188
25 41 0.8723083439051837
26 41 0.10946703889516335
27 41 0.04997758852506244
28 41 0.07533994016856659
29 41 0.13560975337156647
30 41 0.08525283832728532
31 41 0.008559697001762737
32 41 0.003516516443036171
33 41 0.0116380622616552
34 41 0.12191618266254046
35 41 0.03059034883549919
36 41 0.11797548849519265
37 41 0.07200810443491973
38 41 0.14138018497390292
39 41 0.05601246726473003
40 41 0.08216487437281637
0 42 0.143686563453724
1 42 0.0008056449231822525
2 42 0.11809328699634006
3 42 0.12746058275415567
4 42 0.017855010927299776
5 42 0.013081394345460082
6 42 0.014222895379696029
7 42 0.05855557241133763
8 42 0.05394145001223874
9 42 0.013241514266045576
10 42 0.1145869551938112
11 42 0.00019988157943597314
12 42 0.0004285165620927399
13 42 0.07073902062233907
14 42 0.03959186788825821
15 42 0.01994343888614283
16 42 0.13522501182191948
17 42 0.09289254119261173
18 42 0.023699794641807666
19 42 0.04522618197372755
20 42 0.016119324026511936
21 42 0.12357958948707384
22 42 0.04171058360821315
23 42 0.11402451180553307
24 42 0.9828015410432454
25 42 0.9368479145375289
26 42 0.10773905762736108
27 42 0.09707159397757882
28 42 0.02155329163644685
29 42 0.011992574693881406
30 42 0.10987639216450142
31 42 0.00883170652055619
32 42 0.007537965647522225
33 42 0.08388835090546387
34 42 0.08709038772933331
35 42 0.007826763740796364
36 42 0.026105801988008485
37 42 0.12862100265368406
38 42 0.051199967177726145
39 42 0.1188946816026223
40 42 0.025785845248890566
41 42 0.8988757923841959
0 43 0.004860140500855763
1 43 0.10797751380418043
2 43 0.0019965328616037277
3 43 0.13752188965867407
4 43 0.06186117021221366
5 43 0.03531193204112672
6 43 0.09605579137694892
7 43 0.14420742808530723
8 43 0.09949086279108638
9 43 0.006954347660345387
10 43 0.07047937054070533
11 43 0.8803948159938016
12 43 0.11244273844190693
13 43 0.030351926043722874
14 43 0.03196581006232788
15 43 0.059041238016818307
16 43 0.124249490665649
17 43 0.09365354054689835
18 43 0.03309979399422544
19 43 0.016152926372564137
20 43 0.06635931526180834
21 43 0.13377919513016542
22 43 0.05645286197537819
23 43 0.03682269800786808
24 43 0.03625520147452366
25 43 0.06397286211099514
26 43 0.9674175561849347
27 43 0.9173417648383664
28 43 0.12860521095087155
29 43 0.10597159709951628
30 43 0.008980562231403309
31 43 0.0417974655965895
32 43 0.043212430885331436
33 43 0.10394187784075995
34 43 0.01579049052572844
35 43 0.07621845215746807
36 43 0.02509580526574698
37 43 0.026409893036752573
38 43 0.09215461159660959
39 43 0.12112735812233263
40 43 0.14346100621795832
41 43 0.14978090816378714
42 43 0.1032813285580491
0 44 0.1417194188218666
1 44 0.143867461071662
2 44 0.08570831980813007
3 44 0.0846700428656846
4 44 0.14516755113811158
5 44 0.09479188256612453
6 44 0.10382481591843587
7 44 0.030545671303678506
8 44 0.033328132028819415
9 44 0.009050483645028527
10 44 0.01430752321496945
11 44 0.9197756833643869
12 44 0.06417884812491591
13 44 0.00276815054188782
14 44 0.07044437997284822
15 44 0.1434769798443271
16 44 0.14300858766383642
17 44 0.00462335577014542
18 44 0.14357594347324268
19 44 0.05090560936525823
20 44 0.12044036081382496
21 44 0.11366684576945636
22 44 0.11221164463880294
23 44 0.08765681750683381
24 44 0.07665598153490905
25 44 0.05747821849340236
26 44 0.14869395051569992
27 44 0.024612365018239196
28 44 0.9124414824822241
29 44 0.10322109671566156
30 44 0.0394350357764911
31 44 0.07984825393271737
32 44 0.00991041123225289
33 44 0.054069729717788964
34 44 0.14659057169750328
35 44 0.14667524562973877
36 44 0.14897913903990756
37 44 0.12089968937187368
38 44 0.13320577872826406
39 44 0.0806128981834789
40 44 0.04054870354643983
41 44 0.11922084828919512
42 44 0.04097475871809024
43 44 0.07995319851630292
0 45 0.13555923031891742
1 45 0.09653809883431276
2 45 0.06479761413269047
3 45 0.06765236228365407
4 45 0.025134199319776767
5 45 0.014679035542519566
6 45 0.021973925943625933
7 45 0.10841629979813201
8 45 0.006228615209892511
9 45 0.03104010983512963
10 45 0.05224392762254303
11 45 0.06894135379904379
12 45 0.12500063983902357
13 45 0.025280636932269833
14 45 0.12730700713539866
15 45 0.010988315847026373
16 45 0.04714924657555466
17 45 0.14525552029155417
18 45 0.07068216137286057
19 45 0.13184877383729918
20 45 0.13476542583576923
21 45 0.03859059366946781
22 45 0.04017069682095545
23 45 0.09760850235067056
24 45 0.11397507824625105
25 45 0.12015152623325591
26 45 0.06278381465866253
27 45 0.07319030399049224
28 45 0.8826705825763721
29 45 0.04554710730623275
30 45 0.039527890612027924
31 45 0.09921736549084667
32 45 0.11503840921759755
33 45 0.12196321372736847
34 45 0.03690166930531374
35 45 0.11805693768522242
36 45 0.06915051910403348
37 45 0.03633135912732434
38 45 0.1283454720316637
39 45 0.03456311593761801
40 45 0.09330391133249497
41 45 0.1266848551521006
42 45 0.06654272810344089
43 45 0.13621776002124725
44 45 0.00551358706015007
0 46 0.02444930662440794
1 46 0.05116508892304649
2 46 0.12998229713819254
3 46 0.04852615320724695
4 46 0.044679738020242714
5 46 0.09752715171421417
6 46 0.07048633735763324
7 46 0.07660153801287481
8 46 0.11593058119159758
9 46 0.0028237444254880445
10 46 0.07477155688764493
11 46 0.07409368238903864
12 46 0.01616018898461056
13 46 0.09568200933313303
14 46 0.09837822187034942
15 46 0.10106066279831588
16 46 0.032851474026608096
17 46 0.14874260783305793
18 46 0.049775144542012845
19 46 0.01922816287519143
20 46 0.024816297451568027
21 46 0.05271254111387598
22 46 0.14186839179696162
23 46 0.14442458364432145
24 46 0.0057974639204838516
25 46 0.10755965876707951
26 46 0.007843652969544288
27 46 0.024817639248905864
28 46 0.01590531986748301
29 46 0.016161035868991765
30 46 0.11570249642488122
31 46 0.02574389729052739
32 46 0.14909464580921272
33 46 0.10232842833093979
34 46 0.1466601792292463
35 46 0.04883968306768675
36 46 0.009802453592751323
37 46 0.10327321797966676
38 46 0.1118854992782765
39 46 0.02327037018877348
40 46 0.04341561133181183
41 46 0.05942803866275772
42 46 0.11569844114543443
43 46 0.02788382667004947
44 46 0.05639396123253636
45 46 0.08115209565449441
0 47 0.06193485248633989
1 47 0.09971975232282204
2 47 0.024771634623597293
3 47 0.12269787901729705
4 47 0.1312274723240849
5 47 0.07818548903938852
6 47 0.108073378703098
7 47 0.0882738584386439
8 47 0.13714464685285532
9 47 0.13378815643817196
10 47 0.027819720515258994
11 47 0.1321894779978919
12 47 0.09446028272731942
13 47 0.04447757212891248
14 47 0.14698570166660138
15 47 0.12320873477976178
16 47 0.0760716245389052
17 47 0.11229657264391882
18 47 0.11933934503710168
19 47 0.044505857745906784
20 47 0.0030580616780917494
21 47 0.06239000061789798
22 47 0.028081260091096464
23 47 0.12684261297855673
24 47 0.00995914679087285
25 47 0.08518243040474736
26 47 0.0782075442080558
27 47 0.014203794101877157
28 47 0.08981831959485898
29 47 0.11060074181734865
30 47 0.11206926820665157
31 47 0.05241265162828183
32 47 0.005386823386260502
33 47 0.11493930395223781
34 47 0.0996637108071307
35 47 0.004497528389075827
36 47 0.012895570578885166
37 47 0.06724748229738567
38 47 0.03795271257017845
39 47 0.06808569791472666
40 47 0.014774555061243514
41 47 0.1429481114500981
42 47 0.09307017202615316
43 47 0.019547157909831015
44 47 0.06347213337753878
45 47 0.031139026736847125
46 47 0.8763655929699894
0 48 0.09291150683372472
1 48 0.13212285599494888
2 48 0.02182509067233108
3 48 0.0048748281946886345
4 48 0.041915339785602926
5 48 0.0744367462614591
6 48 0.1416722464408557
7 48 0.10206017230835591
8 48 0.0011920817741295827
9 48 0.14681471668029145
10 48 0.09793203662231138
11 48 0.9906246143946966
12 48 0.08466740828743735
13 48 0.004658609518465405
14 48 0.0734628606606254
15 48 0.0013023126696813155
16 48 0.01718552494902665
17 48 0.06773142420940666
18 48 0.003512021292423017
19 48 0.005032286983868244
20 48 0.11232435308126183
21 48 0.05245892976991658
22 48 0.0285704599419776
23 48 0.11377989384398741
24 48 0.10720370377920421
25 48 0.9407023901753457
26 48 0.11737996296882595
27 48 0.8789200070152503
28 48 0.11805736907005816
29 48 0.006790170074875799
30 48 0.05514706892024333
31 48 0.06862988993410854
32 48 0.11704528721274739
33 48 0.013047677174730746
34 48 0.12597737834522707
35 48 0.060455805673394106
36 48 0.0692969026159268
37 48 0.07448224456190791
38 48 0.008185469602863758
39 48 0.020617715622310996
40 48 0.006297716955131448
41 48 0.05751654152923496
42 48 0.12174433379297561
43 48 0.05941470595781004
44 48 0.05214218442283568
45 48 0.12252637581450304
46 48 0.14315877923931897
47 48 0.8895736356295668
0 49 0.06115629790136836
1 49 0.032087659582804476
2 49 0.07458205885989129
3 49 0.0633517314571366
4 49 0.028728907530539
5 49 0.09161272219796436
6 49 0.02216038668565633
7 49 0.02301398353678526
8 49 0.040137814842523704
9 49 0.09057547552876045
10 49 0.012415563810356165
11 49 0.9301797356627579
12 49 0.02580924481369759
13 49 0.11323313307688018
14 49 0.03726099071411476
15 49 0.005927780830953387
16 49 0.05919671644876587
17 49 0.0826120722768451
18 49 0.04606505167962543
19 49 0.053158836621803436
20 49 0.054662582115964954
21 49 0.08800735829906177
22 49 0.057326140753352364
23 49 0.08031961981576893
24 49 0.13096010441393335
25 49 0.00298912832078188
26 49 0.9097591389349388
27 49 0.001979230940912868
28 49 0.09133739952951296
29 49 0.06244311119328379
30 49 0.13496893453900258
31 49 0.11206960113818185
32 49 0.02076001813642302
33 49 0.08616251158796918
34 49 0.08448696482689273
35 49 0.009551081228990869
36 49 0.10406609802611033
37 49 0.10432865719831554
38 49 0.1462300549356257
39 49 0.12422121553694865
40 49 0.025408837839793273
41 49 0.10660051968741278
42 49 0.10551208354859752
43 49 0.0940314097273867
44 49 0.028135071384487915
45 49 0.030997546854398136
46 49 0.09021768019195468
47 49 0.09120135941654811
48 49 0.015046021839089681
0 50 0.09765817457937373
1 50 0.028632905076715426
2 50 0.07496229890936013
3 50 0.009452734683055379
4 50 0.1337757020436404
5 50 0.07345714534899833
6 50 0.14190809902190696
7 50 0.048330042075052836
8 50 0.09524814666135381
9 50 0.0544203271314956
10 50 0.06841123006806903
11 50 0.12926619019013633
12 50 0.13400245774797526
13 50 0.10965394985635805
14 50 0.1290711740746699
15 50 0.03817906853244148
16 50 0.12645365232222675
17 50 0.06653199146560483
18 50 0.013108142077542054
19 50 0.0645386265159409
20 50 0.14897005003414915
21 50 0.09106315393866679
22 50 0.03969086729271751
23 50 0.10423287101237184
24 50 0.9518513114115985
25 50 0.10098453277111882
26 50 0.06851523246154402
27 50 0.09628247936940583
28 50 0.09728490428933653
29 50 0.037484315780463864
30 50 0.0748924160243042
31 50 0.12275692256570633
32 50 0.05099762128741679
33 50 0.10219455090697518
34 50 0.0642276173346268
35 50 0.046241724095519694
36 50 0.1321958677339705
37 50 0.14169672719926094
38 50 0.10390229537581355
39 50 0.059026855851179345
40 50 0.1146844886873847
41 50 0.016841388198964986
42 50 0.07822048954714818
43 50 0.04020781831986799
44 50 0.06279770102296425
45 50 0.06906742698343027
46 50 0.04923119802333821
47 50 0.03146740280781156
48 50 0.052435364077092
49 50 0.9498470895960323
0 51 0.1229268037135085
1 51 0.05797469524862033
2 51 0.022594555680370033
3 51 0.04092357668266209
4 51 0.1344735448949763
5 51 0.04641696670517311
6 51 0.06541116781780733
7 51 0.04418788532022868
8 51 0.02184197877391576
9 51 0.010235114594261083
10 51 0.11008086256135469
11 51 0.9037309037777128
12 51 0.057942560229750806
13 51 0.035060136037587404
14 51 0.05064268448331023
15 51 0.07447488569896248
16 51 0.03574505576898809
17 51 0.04466064431128684
18 51 0.09975128641073033
19 51 0.01040830358348592
20 51 0.10325645752196089
21 51 0.11900659768486163
22 51 0.11396497970099313
23 51 0.007075468297085162
24 51 0.043754422035777736
25 51 0.04401142708094905
26 51 0.9533053898562913
27 51 0.036767049152911194
28 51 0.07017892101773886
29 51 0.010879257117017718
30 51 0.1387722194706225
31 51 0.016020872640272972
32 51 0.14989299946591317
33 51 0.04044586365593865
34 51 0.08221715528002017
35 51 0.1325320441893065
36 51 0.05804572216726459
37 51 0.008822475307276575
38 51 0.0033663124285950967
39 51 0.045491478654976755
40 51 0.11814583626394663
41 51 0.036053671129075815
42 51 0.06435392355680279
43 51 0.07342342901566512
44 51 0.04817901724174058
45 51 0.08471930649159867
46 51 0.0865709553113293
47 51 0.06336319055800875
48 51 0.05597254368543306
49 51 0.8653137494876662
50 51 0.14496322583649204
0 52 0.1314064050467175
1 52 0.043665724374313424
2 52 0.0693493147461406
3 52 0.10055233586585077
4 52 0.07575916672997365
5 52 0.14633664678599878
6 52 0.13979179623816845
7 52 0.1275493445952369
8 52 0.1490960821603234
9 52 0.017953494179001325
10 52 0.0557453170907038
11 52 0.0189077726677771
12 52 0.13047659631755906
13 52 0.015542776893653007
14 52 0.011811664027918885
15 52 0.07958149759965473
16 52 0.13705221547044424
17 52 0.08572463720712149
18 52 0.0925208822633439
19 52 0.11858475611542123
20 52 0.14757695170484486
21 52 0.14579235163787674
22 52 0.14960665979341287
23 52 0.08734995609767411
24 52 0.05648314589226968
25 52 0.006156265921525893
26 52 0.017495554851401793
27 52 0.12292131934781025
28 52 0.06872485151546225
29 52 0.036599970495405525
30 52 0.08760748400919796
31 52 0.11614003307231678
32 52 0.040105864579132726
33 52 0.14594588943177825
34 52 0.08340435944536263
35 52 0.10185139567568867
36 52 0.10676820501413885
37 52 0.11071385086685727
38 52 0.08526759654954412
39 52 0.96971810156816
40 52 0.11308845915074059
41 52 0.038281194005946886
42 52 0.031059265370262976
43 52 0.004606441941385152
44 52 0.01939720587391392
45 52 0.13171929636267984
46 52 0.007769491174642127
47 52 0.1362466260203572
48 52 0.05204787363714038
49 52 0.08679831674087385
50 52 0.07506369347408559
51 52 0.8903225662551693
0 53 0.10380197059160337
1 53 0.03499159165116362
2 53 0.0811043434427771
3 53 0.07136301455624676
4 53 0.0382028498970754
5 53 0.09794467551076663
6 53 0.03516217662092916
7 53 0.02028050350124031
8 53 0.05695788431448799
9 53 0.13153301477223162
10 53 0.12219771325752452
11 53 0.13643392507661659
12 53 0.1285023984067427
13 53 0.1409258942800791
14 53 0.14879733470887985
15 53 0.044777419947968466
16 53 0.10256965888418525
17 53 0.0625042586423302
18 53 0.09072467463282989
19 53 0.08840746563184938
20 53 0.07933475879126815
21 53 0.10230495002001404
22 53 0.053817601375078856
23 53 0.09957132292759875
24 53 0.09101046022576069
25 53 0.058497227874103726
26 53 0.026883096457985683
27 53 0.06887984706374413
28 53 0.05181803143426071
29 53 0.1414901647399397
30 53 0.14881761637883908
31 53 0.0003315998257902907
32 53 0.03281282887236492
33 53 0.07907003618904421
34 53 0.11237125797805643
35 53 0.11590069226598429
36 53 0.11211236789865213
37 53 0.10776784727400184
38 53 0.12134089628101394
39 53 0.04305231311179918
40 53 0.0654687351207592
41 53 0.14725673743586262
42 53 0.11208528581919741
43 53 0.09808887164008058
44 53 0.11612230422212015
45 53 0.14414630017594846
46 53 0.010769093686040763
47 53 0.018576185010901938
48 53 0.03297171136600903
49 53 0.06237940838702011
50 53 0.006468849552322046
51 53 0.9940677051208078
52 53 0.08137242029850043
0 54 0.14240318034273683
1 54 0.034168509395245864
2 54 0.0968586009193813
3 54 0.015335412133568762
4 54 0.12855382380460903
5 54 0.11814404163790669
6 54 0.14482917638911982
7 54 0.09470180817244321
8 54 0.02320373364418286
9 54 0.03657290525874432
10 54 0.10723456042249263
11 54 0.06966312724839886
12 54 0.058637740706979274
13 54 0.09930252778018935
14 54 0.036216912986165625
15 54 0.08254837345429054
16 54 0.13050990507733734
17 54 0.04258559185554084
18 54 0.12803484575196264
19 54 0.09034382810955403
20 54 0.0573251613008043
21 54 0.008830307605888769
22 54 0.07934340505554732
23 54 0.13411659420394945
24 54 0.022471404017173707
25 54 0.10091634718993736
26 54 0.9287100230134918
27 54 0.039932254826201045
28 54 0.0798027581280225
29 54 0.060240168302710596
30 54 0.139464283790158
31 54 0.09706333566325703
32 54 0.14117632161385954
33 54 0.016583128024524003
34 54 0.09479384808984329
35 54 0.10666507136369525
36 54 0.11964336313227006
37 54 0.08475388481078351
38 54 0.11962511159715869
39 54 0.032823254132777466
40 54 0.11839333979831498
41 54 0.0368471172710225
42 54 0.08867373243095829
43 54 0.1146176956136742
44 54 0.10282860018636036
45 54 0.07766010416894217
46 54 0.027079036068679813
47 54 0.052516002348358064
48 54 0.01157128930680694
49 54 0.8733280723102241
50 54 0.09659305835438634
51 54 0.9980867739395487
52 54 0.09729889681198592
53 54 0.12396738911619617
0 55 0.04454302600273984
1 55 0.1237104636264966
2 55 0.03635285190139349
3 55 0.137720301730094
4 55 0.12406970993163043
5 55 0.10869498962570628
6 55 0.12466282803743547
7 55 0.12281157350330284
8 55 0.07981486168721214
9 55 0.07761075757282634
10 55 0.0644882356337295
11 55 0.952208496028187
12 55 0.07506339448072598
13 55 0.09691003145446875
14 55 0.01370162973918053
15 55 0.03192422731002056
16 55 0.9168555688899194
17 55 0.12516909607420215
18 55 0.0223256632415722
19 55 0.14085777540017938
20 55 0.0906184952627277
21 55 0.05679115499105183
22 55 0.03330044503636976
23 55 0.0807015329369326
24 55 0.03052016287238471
25 55 0.9774017034578433
26 55 0.8874234237564276
27 55 0.03546830119570135
28 55 0.11685614321430356
29 55 0.07842346173837908
30 55 0.12126514409306761
31 55 0.09974560727787342
32 55 0.1246735208860296
33 55 0.04644088388757844
34 55 0.1075323889753715
35 55 0.07931483646199565
36 55 0.020295816874644053
37 55 0.13976967209405836
38 55 0.024509410384269785
39 55 0.9846918486140533
40 55 0.027430936813685747
41 55 0.9017235663955958
42 55 0.05147492616861579
43 55 0.006505347102587704
44 55 0.14252168328034243
45 55 0.13263788225990075
46 55 0.08085848332252045
47 55 0.06322801649075711
48 55 0.8691766698798128
49 55 0.9994404574551708
50 55 0.0539653744512635
51 55 0.9158949913282755
52 55 0.12823060211298765
53 55 0.03172507117600167
54 55 0.8605592060637315
0 56 0.0815652621114305
1 56 0.11275029229397517
2 56 0.02411865403828394
3 56 0.03376910101102476
4 56 0.0695680893782319
5 56 0.040033076740514394
6 56 0.0123884293442954
7 56 0.03078810788904853
8 56 0.023928879996402207
9 56 0.04783827774658437
10 56 0.12875972364242402
11 56 0.004809159882421781
12 56 0.08805660180175202
13 56 0.0761445253722429
14 56 0.13807153733184654
15 56 0.0027856006398893013
16 56 0.03375983789841032
17 56 0.12897739246782947
18 56 0.017836599985336068
19 56 0.021382668799033173
20 56 0.04119907556513103
21 56 0.12410847369009956
22 56 0.029541078530600434
23 56 0.14955392354130992
24 56 0.10858598778462172
25 56 0.07579501209405685
26 56 0.04954065736184256
27 56 0.10029238087587902
28 56 0.06371293497563023
29 56 0.09226929788189289
30 56 0.08353172280624685
31 56 0.035904111372187
32 56 0.011058195839062632
33 56 0.12215224774438674
34 56 0.09099582595219889
35 56 0.12272140317104346
36 56 0.0532900225247849
37 56 0.14471949891085994
38 56 0.08145700593210427
39 56 0.12728079364037045
40 56 0.12377791365918427
41 56 0.039109056945605236
42 56 0.1488028603557089
43 56 0.10020825952860477
44 56 0.1082474653708109
45 56 0.02663959689192224
46 56 0.012696411661052068
47 56 0.042489709470905225
48 56 0.13004343224673465
49 56 0.853423644658573
50 56 0.08565375845114766
51 56 0.04999707971061863
52 56 0.029006695153468126
53 56 0.0582567482945714
54 56 0.02161017757940088
55 56 0.988075000956987
0 57 0.0407485183210059
1 57 0.11121936113768593
2 57 0.03336020687546832
3 57 0.05829530643546711
4 57 0.07953022175073647
5 57 0.07964131566326542
6 57 0.08054021594960474
7 57 0.08548700093096967
8 57 0.05020211436172651
9 57 0.017084391498188776
10 57 0.03433737726164473
11 57 0.13980676845475545
12 57 0.005280039297529964
13 57 0.1247122763881262
14 57 0.0700243168816483
15 57 0.14157357566484827
16 57 0.03227861195226593
17 57 0.0285218868293624
18 57 0.057946104093755106
19 57 0.10587583244275178
20 57 0.12243241156365176
21 57 0.04303407693218661
22 57 0.12307133849342154
23 57 0.05863397724342283
24 57 0.1003161787816896
25 57 0.07288202179988171
26 57 0.0347779248146442
27 57 0.07328910405458552
28 57 0.06093083617351037
29 57 0.08141011264671524
30 57 0.0708493071682554
31 57 0.10897688231815146
32 57 0.10094642139715108
33 57 0.08863897508486085
34 57 0.025923965457269504
35 57 0.02758370515276905
36 57 0.13364610521587109
37 57 0.07728745395721578
38 57 0.12042444768169096
39 57 0.017422206504489432
40 57 0.10752106920620663
41 57 0.8537792339962622
42 57 0.01090821817451637
43 57 0.044438590294452116
44 57 0.09054182990632652
45 57 0.09985510752622839
46 57 0.13993495417575993
47 57 0.06458581051517139
48 57 0.8861219852378422
49 57 0.09293350466470933
50 57 0.12598478730494947
51 57 0.09698553664799477
52 57 0.03315844816230106
53 57 0.02861226665403802
54 57 0.11415740784945703
55 57 0.9229211637519293
56 57 0.13575902075260599
0 58 0.0787190598903311
1 58 0.08543552756876899
2 58 0.12219684773316385
3 58 0.032641579015287886
4 58 0.10262720441240343
5 58 0.07679762917173226
6 58 0.07942145330201168
7 58 0.1320044898346209
8 58 0.07937858471368771
9 58 0.002676914887044884
10 58 0.12989762585045697
11 58 0.9988313054788865
12 58 0.015045237834111177
13 58 0.08299733419887828
14 58 0.0777635663280773
15 58 0.08065607071878245
16 58 0.019087139201778475
17 58 0.08495889284474333
18 58 0.11026608518844004
19 58 0.13870940459148226
20 58 0.0027151223842979294
21 58 0.11374218730706417
22 58 0.07065186008918313
23 58 0.14606049887169748
24 58 0.1280879157349608
25 58 0.12226648483079464
26 58 0.03439759959612508
27 58 0.8870097830276749
28 58 0.1061788338386773
29 58 0.020359810388818296
30 58 0.00036465934629578136
31 58 0.10355419635491436
32 58 0.038213659184140054
33 58 0.05876460413894591
34 58 0.11251344482843371
35 58 0.04644761614604614
36 58 0.008512182058671278
37 58 0.1471320811392488
38 58 0.09560592277387703
39 58 0.07463632531387875
40 58 0.09125739712363186
41 58 0.12583712896138602
42 58 0.13322690829118417
43 58 0.0784577858329002
44 58 0.020222377530081395
45 58 0.1492724674386921
46 58 0.08055237797336165
47 58 0.12870933897945952
48 58 0.8652274303792491
49 58 0.05467246590276341
50 58 0.025671703394931338
51 58 0.10368462146364156
52 58 0.08599997328139806
53 58 0.061065009577774096
54 58 0.07466256166276568
55 58 0.9878696100646425
56 58 0.07115537402024662
57 58 0.903472169103727
0 59 0.06078422703657975
1 59 0.1006212106333006
2 59 0.14538705004400357
3 59 0.03884057358078356
4 59 0.0056267131106851045
5 59 0.052775090872791496
6 59 0.08677528765484259
7 59 0.1297120691789688
8 59 0.10748316890945198
9 59 0.07860748488876759
10 59 0.12067482241024258
11 59 0.05775666084285247
12 59 0.1463583992735872
13 59 0.051481483519458894
14 59 0.13358087396789775
15 59 0.008671165302494874
16 59 0.030518963509951556
17 59 0.10262154247259316
18 59 0.1410593509663545
19 59 0.055405950758350926
20 59 0.06487640369473698
21 59 0.0040248694297889956
22 59 0.07609809799063937
23 59 0.03531039853612074
24 59 0.013184734970111925
25 59 0.07689792085925454
26 59 0.04735257204911163
27 59 0.0744352248134299
28 59 0.030659436484921046
29 59 0.06820572233061423
30 59 0.13126387742495566
31 59 0.04145872608110928
32 59 0.03664898599153704
33 59 0.10289646813112766
34 59 0.023940458532623294
35 59 0.10621490234377755
36 59 0.14182195796946775
37 59 0.11221182724577881
38 59 0.029298127041724343
39 59 0.10647066482206069
40 59 0.03284519664514294
41 59 0.14264519802100714
42 59 0.02105228923437702
43 59 0.0841143991102912
44 59 0.1142939541440783
45 59 0.1375860551696136
46 59 0.040087295741447704
47 59 0.01584570882250611
48 59 0.9359111943507138
49 59 0.040220129132278876
50 59 0.12999879028262384
51 59 0.06018154401281902
52 59 0.03827430579537517
53 59 0.1059976001665952
54 59 0.08620344670203278
55 59 0.9272206513348096
56 59 0.026191686759733063
57 59 0.9620892593942174
58 59 0.8622957533487139
0 60 0.07739396023677016
1 60 0.06135536540738369
2 60 0.10305721591048808
3 60 0.09932045901469608
4 60 0.081044162940235
5 60 0.05095761686885901
6 60 0.030639883236646296
7 60 0.11920902101714387
8 60 0.00842608890108442
9 60 0.0034606243676153607
10 60 0.10420977747581552
11 60 0.0486277828023436
12 60 0.12381675048332352
13 60 0.037111554060881784
14 60 0.07153657026353012
15 60 0.09764008309524223
16 60 0.04065083596549925
17 60 0.07456031935640295
18 60 0.0890908439320095
19 60 0.10563316024702427
20 60 0.05188445578272887
21 60 0.06996738665682253
22 60 0.10608355082356152
23 60 0.04214079350337635
24 60 0.034642723695951436
25 60 0.11788478445403001
26 60 0.06473434224675363
27 60 0.10455235031460787
28 60 0.12819652356314876
29 60 0.01071937737527249
30 60 0.14653978090587624
31 60 0.08506773211875633
32 60 0.1457975349903241
33 60 0.1340172757057549
34 60 0.0802911598865812
35 60 0.12919533121328178
36 60 0.02536933234310451
37 60 0.12485205285277795
38 60 0.0314938087598321
39 60 0.03719122923803737
40 60 0.14354699847284746
41 60 0.13902826289754525
42 60 0.023847198700498933
43 60 0.08705458220343522
44 60 0.0345788546975719
45 60 0.09520976085744634
46 60 0.07521865763028027
47 60 0.1350091016055157
48 60 0.8555097751482338
49 60 0.021398504975485965
50 60 0.09228049946722555
51 60 0.014669505760700193
52 60 0.07543020723122347
53 60 0.01674520632493214
54 60 0.034990299882398615
55 60 0.014911686984944458
56 60 0.05489093175885626
57 60 0.00908443393458777
58 60 0.9532712474391037
59 60 0.9181080651967832
0 61 0.12000727280802424
1 61 0.00836666905667228
2 61 0.07886423201180613
3 61 0.05505425892156399
4 61 0.0669550798580086
5 61 0.0429660396368708
6 61 0.07980075580403256
7 61 0.12957486731016163
8 61 0.011613597956537906
9 61 0.132278445840071
10 61 0.06591197723037295
11 61 0.11223243880988483
12 61 0.06135942255207393
13 61 0.12770651208164877
14 61 0.1347554732577376
15 61 0.07995320274578385
16 61 0.06316628881599022
17 61 0.10860878465509745
18 61 0.0667546521439047
19 61 0.1171100223491013
20 61 0.020280203936829385
21 61 0.1171877017734445
22 61 0.07092303674598935
23 61 0.07772777657436161
24 61 0.09651375634222246
25 61 0.03241745700868453
26 61 0.01990675979170213
27 61 0.0853603633915895
28 61 0.026597251593601677
29 61 0.033198654858622646
30 61 0.05423350202218231
31 61 0.032539924762371865
32 61 0.10444568739777603
33 61 0.003325412614878314
34 61 0.013959907704652478
35 61 0.08149148696073408
36 61 0.0659369296289793
37 61 0.061811763799802084
38 61 0.03112900776950443
39 61 0.09800678708423496
40 61 0.10941139070801098
41 61 0.11103465501098876
42 61 0.06214492982888988
43 61 0.07214527258240325
44 61 0.105665692074078
45 61 0.003420439461154056
46 61 0.04001931362666656
47 61 0.12365841037908312
48 61 0.8895155636680766
49 61 0.12037319572497757
50 61 0.11193636744007977
51 61 0.059454106648704375
52 61 0.1459855929679553
53 61 0.06847352818627811
54 61 0.1325145733984122
55 61 0.9923139950543487
56 61 0.055383815146395836
57 61 0.9410645011467447
58 61 0.9059098624758976
59 61 0.9914957977259651
60 61 0.9278832251667603
0 62 0.10744224925918773
1 62 0.11095855659604725
2 62 0.1212795181811854
3 62 0.1493733844470018
4 62 0.1426082568999937
5 62 0.1486396885312204
6 62 0.048880199751705614
7 62 0.13394420514928132
8 62 0.011998596027625916
9 62 0.06323427455438456
10 62 0.05951670922014731
11 62 0.046003678853964315
12 62 0.08972777527587181
13 62 0.0991007577591662
14 62 0.014906114190480414
15 62 0.1163454039210982
16 62 0.019527394938139566
17 62 0.06761990898730057
18 62 0.044764399287191496
19 62 0.08492129556234783
20 62 0.143063362229932
21 62 0.01903610741453189
22 62 0.09827530123352587
23 62 0.005498778267704262
24 62 0.005153832364475729
25 62 0.004265907349953317
26 62 0.043334423050076475
27 62 0.033564260457616714
28 62 0.11223234509178169
29 62 0.004205988184092723
30 62 0.14908512712043795
31 62 0.06787987927050053
32 62 0.07388126562687061
33 62 0.14229070288686857
34 62 0.020319308946785488
35 62 0.04668065174029947
36 62 0.0350184591924058
37 62 0.09753888510993228
38 62 0.007279561906439967
39 62 0.01125455366210413
40 62 0.03714966711142586
41 62 0.909042954793121
42 62 0.1319527218676549
43 62 0.07873672021805007
44 62 0.027339332027412122
45 62 0.08797090655107538
46 62 0.022085315118003802
47 62 0.10286192352146144
48 62 0.9384578099335563
49 62 0.06561139250094353
50 62 0.00143908547724072
51 62 0.058971181774481775
52 62 0.14232076600788737
53 62 0.05690876844981741
54 62 0.08192864626011821
55 62 0.9133095671105779
56 62 0.002726999772928317
57 62 0.9449085412039057
58 62 0.9505437126717962
59 62 0.8785455314734667
60 62 0.962574276331767
61 62 0.8920584278816641
0 63 0.035757682736708464
1 63 0.04755506912511549
2 63 0.04837042674864691
3 63 0.09100058173542754
4 63 0.015365365961167722
5 63 0.021416253935137627
6 63 0.016868289876332012
7 63 0.03381509428820281
8 63 0.14831584103860862
9 63 0.07883084772076693
10 63 0.0975977346585985
11 63 0.05281188555928306
12 63 0.04385586843849467
13 63 0.038497236793862494
14 63 0.12395001522073568
15 63 0.005835264207615191
16 63 0.1292202729951016
17 63 0.10004701728230882
18 63 0.13188261104805493
19 63 0.11487225116859823
20 63 0.04201733593047499
21 63 0.012840792099269523
22 63 0.1251645299987027
23 63 0.12025158825592613
24 63 0.12755455927735435
25 63 0.11529814046741094
26 63 0.03612504389050804
27 63 0.13108643678199292
28 63 0.07400071895677947
29 63 0.13377783242449504
30 63 0.04247717167577157
31 63 0.12596099156610677
32 63 0.04000328434499057
33 63 0.008775088971431486
34 63 0.12075220381887032
35 63 0.11788942520122926
36 63 0.032210403865618374
37 63 0.10429497810047628
38 63 0.04270228094341188
39 63 0.057768707580257275
40 63 0.1227465478611041
41 63 0.06512032112946957
42 63 0.09796880552372286
43 63 0.1025870571712888
44 63 0.10102476200508777
45 63 0.04147550700542898
46 63 0.07748071559930486
47 63 0.11506027804361449
48 63 0.9879334018865471
49 63 0.011300344340043764
50 63 0.1488016648860207
51 63 0.1137350543398941
52 63 0.14841976558672595
53 63 0.04470816754318969
54 63 0.08288566136851196
55 63 0.9517173920266907
56 63 0.030846778599359387
57 63 0.9878774711402699
58 63 0.9826744435147294
59 63 0.8736606851799051
60 63 0.9256708164640047
61 63 0.8630020301654842
62 63 0.947861480643256
0 64 0.1068212292936928
1 64 0.09986929994189023
2 64 0.04875716970401417
3 64 0.028051568499341543
4 64 0.0665220601429894
5 64 0.06435771030734115
6 64 0.14133587710840784
7 64 0.07940061630725716
8 64 0.020189475594828882
9 64 0.021089776276845534
10 64 0.06329544433282377
11 64 0.9174995582800356
12 64 0.08649363769932057
13 64 0.021856493643944465
14 64 0.1384006709715531
15 64 0.047620065120058334
16 64 0.06179087087483156
17 64 0.0511585790821765
18 64 0.05021897933498273
19 64 0.08177559747957823
20 64 0.09058297848341973
21 64 0.07133326560121447
22 64 0.14815026340829712
23 64 0.08579604667361412
24 64 0.14919573343198675
25 64 0.05860469719736971
26 64 0.04945618746180687
27 64 9.217956194035313e-06
28 64 0.07327118913014781
29 64 0.048255024191433245
30 64 0.11792354477563625
31 64 0.011741806910748245
32 64 0.11237998390218867
33 64 0.09174985134161458
34 64 0.11126522678046911
35 64 0.09154021317889822
36 64 0.14491526213334438
37 64 0.13181547885409348
38 64 0.049957403457467214
39 64 0.00750751216684357
40 64 0.006727025053014283
41 64 0.12249902083294181
42 64 0.11513109881634041
43 64 0.0779050288200752
44 64 0.01665681103110241
45 64 0.03686632600847923
46 64 0.11052907566923902
47 64 0.1169450979755202
48 64 0.9817034538988905
49 64 0.07140389331746863
50 64 0.04374832109916275
51 64 0.0599289245579078
52 64 0.1383489627819102
53 64 0.0731401804253745
54 64 0.02362185219304258
55 64 0.9911952525397991
56 64 0.05064101169462988
57 64 0.9686066297259432
58 64 0.9392383213055526
59 64 0.8918478163967041
60 64 0.9781986811874284
61 64 0.8916349868978265
62 64 0.8686527355417559
63 64 0.867870810068538
0 65 0.13663662702308643
1 65 0.022241145956244473
2 65 0.07951315978603231
3 65 0.10074657969797181
4 65 0.12701099109426822
5 65 0.02814773393312423
6 65 0.06593463379679591
7 65 0.11970233969330116
8 65 0.03960887939398858
9 65 0.06758948680971827
10 65 0.12563086650511004
11 65 0.027417931819633205
12 65 0.10454438048514567
13 65 0.03385251398747051
14 65 0.06565655225249706
15 65 0.04743639011056523
16 65 0.13176750169949783
17 65 0.027318712503495438
18 65 0.009014646550329589
19 65 0.03226722162110402
20 65 0.051602036708876454
21 65 0.14425594722067422
22 65 0.0796616470043353
23 65 0.09520591563514336
24 65 0.020478881797636236
25 65 0.12297477083394273
26 65 0.01726116920172796
27 65 0.02956543100618058
28 65 0.032730097212413135
29 65 0.14993068853173924
30 65 0.08339200891666068
31 65 0.08817726816533278
32 65 0.007316182058940705
33 65 0.03614990506365029
34 65 0.11807556000020622
35 65 0.0378619363194426
36 65 0.0653423301996342
37 65 0.10659728794118596
38 65 0.0008940114885531368
39 65 0.03764153073047645
40 65 0.04754345809989134
41 65 0.11638259267883959
42 65 0.005414793677905909
43 65 0.05105833747821221
44 65 0.017444017386084323
45 65 0.026318488709781224
46 65 0.10143851987537414
47 65 0.09103144563939186
48 65 0.9615683661953769
49 65 0.14683714360034597
50 65 0.06240136881096785
51 65 0.14761300263695631
52 65 0.06064179585129208
53 65 0.016857415863557993
54 65 0.13854494110477505
55 65 0.9482764500521819
56 65 0.136388803387919
57 65 0.9362376100002854
58 65 0.9589522177746335
59 65 0.884697296871424
60 65 0.9247172538064895
61 65 0.979578819009561
62 65 0.8543407893879044
63 65 0.9376066040990805
64 65 0.860153886315367
0 66 0.0972029516035651
1 66 0.01594084158931654
2 66 0.14707841074088845
3 66 0.09767231322289248
4 66 0.037210453030855004
5 66 0.012916525943645016
6 66 0.14419225438296693
7 66 0.11238822287773965
8 66 0.06486196125034095
9 66 0.05090212703943949
10 66 0.14726332064649447
11 66 0.08635276918341026
12 66 0.07191770746003895
13 66 0.1459319219158732
14 66 0.1299335894373924
15 66 0.03140270587493878
16 66 0.10152545036873264
17 66 0.12339193743419563
18 66 0.09366553118754357
19 66 0.02521123452917722
20 66 0.048867631045321366
21 66 0.05745163027772188
22 66 0.1164238875732277
23 66 0.09381898656291271
24 66 0.058667217257597014
25 66 0.14186579399754784
26 66 0.1109488642751902
27 66 0.12585659047237965
28 66 0.05643589159865119
29 66 0.008775743280426254
30 66 0.1280297692387194
31 66 0.05793651011532774
32 66 0.04569966370396105
33 66 0.10179851583844932
34 66 0.08865978973358925
35 66 0.007703049519563286
36 66 0.023920130202807328
37 66 0.12079919946109013
38 66 0.02710689562905966
39 66 0.13943638854344664
40 66 0.05725846112848556
41 66 0.04225811094316103
42 66 0.041952748659199415
43 66 0.1343066770628257
44 66 0.08363982950069923
45 66 0.06363139335540882
46 66 0.0017153404283783476
47 66 0.08077356400986906
48 66 0.8965901034034007
49 66 0.05238843585656104
50 66 0.0536628100947723
51 66 0.09402498161550915
52 66 0.11864285806353879
53 66 0.0037020949141638162
54 66 0.08412060158852702
55 66 0.10583945237108375
56 66 0.11667995999809429
57 66 0.011695745559022511
58 66 0.9235850595277694
59 66 0.9156355100757793
60 66 0.8681854423127371
61 66 0.9908604058355808
62 66 0.8831820597057154
63 66 0.9189452701822268
64 66 0.9045930640256672
65 66 0.986794017362197
0 67 0.05200481060457625
1 67 0.05548441068565938
2 67 0.00017465362638450772
3 67 0.07973268483175915
4 67 0.1423015088581678
5 67 0.04866203611499898
6 67 0.12430938783148797
7 67 0.028946245917434527
8 67 0.0010221306874886146
9 67 0.08910504051262162
10 67 0.09429753599531274
11 67 0.10033507179336386
12 67 0.03166015807584457
13 67 0.0411293213838956
14 67 0.10674050231054388
15 67 0.11096819192460469
16 67 0.12493266713032876
17 67 0.049553997780661094
18 67 0.04729036390140833
19 67 0.002193178262164441
20 67 0.009562315950494324
21 67 0.14382350535182445
22 67 0.08214449612622458
23 67 0.07353735588609699
24 67 0.10152450673729647
25 67 0.11114339892356923
26 67 0.0175509677117197
27 67 0.0822841408153307
28 67 0.13560967681015215
29 67 0.029912727978374225
30 67 0.07480506706667278
31 67 0.029487126222468334
32 67 0.0288402419744013
33 67 0.09762649503217398
34 67 0.0588944478068408
35 67 0.09395546154528685
36 67 0.05480496999203633
37 67 0.07476703229745445
38 67 0.027241801261332382
39 67 0.05305760081020899
40 67 0.14402130313480058
41 67 0.07521817860578123
42 67 0.028422923659538597
43 67 0.08913414130753917
44 67 0.025400495973849052
45 67 0.13214727391680292
46 67 0.11250953894096112
47 67 0.12370842438600568
48 67 0.11394145602765117
49 67 0.07818577750034919
50 67 0.13334222727783698
51 67 0.09264664199709195
52 67 0.03862760046804314
53 67 0.11269139521457773
54 67 0.06730289568322913
55 67 0.06803185937786368
56 67 0.05419650002549766
57 67 0.9658067058298144
58 67 0.12211861351451529
59 67 0.10073456906248225
60 67 0.0762726602460544
61 67 0.12357593591559206
62 67 0.08654049165727273
63 67 0.03845027761334721
64 67 0.11095794570403363
65 67 0.11021334037577991
66 67 0.09701504165260019
0 68 0.0634873970533331
1 68 0.14872969905026748
2 68 0.02745800017626246
3 68 0.10342718276645253
4 68 0.021343199888725902
5 68 0.02522844741779771
6 68 0.004539367446033226
7 68 0.12507127073021485
8 68 0.06734925984069291
9 68 0.07286196347774995
10 68 0.016950160829515684
11 68 0.9884465119820576
12 68 0.09535404741971479
13 68 0.040670528955488984
14 68 0.002179528233810362
15 68 0.07493566251743049
16 68 0.03407239589621546
17 68 0.12222185037353739
18 68 0.06770196802457815
19 68 0.04213408348681167
20 68 0.0472543964482919
21 68 0.08472161323346449
22 68 0.11873659299958157
23 68 0.11868123157204191
24 68 0.9835634852340646
25 68 0.9660373490844754
26 68 0.07814924312629543
27 68 0.9867470523290689
28 68 0.023848274775049416
29 68 0.025666722037812097
30 68 0.01302443688891237
31 68 0.008490015030876473
32 68 0.062077377224695536
33 68 0.0544276813022458
34 68 0.0868877104348717
35 68 0.10834834865124604
36 68 0.0261311230532228
37 68 0.10367001442669789
38 68 0.14089127401994334
39 68 0.04937218246782721
40 68 0.04378429189094984
41 68 0.9961868577277704
42 68 0.12809855198602235
43 68 0.0925208386232011
44 68 0.11577785733824064
45 68 0.1292534670409288
46 68 0.13835366750311223
47 68 0.007203796642084708
48 68 0.9404992379612215
49 68 0.08300756696106168
50 68 0.12647958027629963
51 68 0.048740778020836074
52 68 0.0013947187153674765
53 68 0.024959186255427618
54 68 0.1289988143133784
55 68 0.10787016172225784
56 68 0.0484866085754938
57 68 0.018443610491208184
58 68 0.10287499152007651
59 68 0.060298538122396134
60 68 0.06721131772930955
61 68 0.015232779788626902
62 68 0.05424229626990075
63 68 0.11956016657078801
64 68 0.024383884870218375
65 68 0.06978237813818007
66 68 0.014924288098319695
67 68 0.08818230763551814
0 69 0.10231250805005268
1 69 0.012981594561551315
2 69 0.06672186514562756
3 69 0.09270830981018079
4 69 0.06012788342520534
5 69 0.07751787005084243
6 69 0.03565541867813144
7 69 0.019297225678933872
8 69 0.008158865369354827
9 69 0.0022437188891144596
10 69 0.043419177478447084
11 69 0.9702909817450724
12 69 0.08147415833701199
13 69 0.13400045048905315
14 69 0.12849025796855398
15 69 0.11612653049422375
16 69 0.14224994874025867
17 69 0.14053085008152735
18 69 0.06240441723987244
19 69 0.14845392220693285
20 69 0.14978210001994108
21 69 0.14320795690150112
22 69 0.08681921552344395
23 69 0.14912237066563766
24 69 0.8908684230809224
25 69 0.9674012377969666
26 69 0.10196445697296412
27 69 0.9997084822523481
28 69 0.1279919210439377
29 69 0.1352990988344979
30 69 0.09706462140767677
31 69 0.0792517675545541
32 69 0.13371707642817945
33 69 0.10048466291886624
34 69 0.1459492330761467
35 69 0.13807015279326718
36 69 0.1100477256415203
37 69 0.031821807756138736
38 69 0.08696993211316671
39 69 0.11036580706972371
40 69 0.02883504665015179
41 69 0.8516182446270274
42 69 0.08794175284576243
43 69 0.13068242753001147
44 69 0.056801370417387614
45 69 0.009895802830637627
46 69 0.08482353237151007
47 69 0.09211818424391675
48 69 0.8587766134691657
49 69 0.10260018564972262
50 69 0.07251010731994803
51 69 0.11113564528536045
52 69 0.12569021002490774
53 69 0.09339284076719899
54 69 0.019839232338139196
55 69 0.10858841157365924
56 69 0.070413341670473
57 69 0.13047427063814412
58 69 0.050100175652323206
59 69 0.12134787137683768
60 69 0.09116618434070442
61 69 0.1398651138704642
62 69 0.0225320253897019
63 69 0.10891873713687637
64 69 0.0987178758105028
65 69 0.046630242206402904
66 69 0.042546770597320496
67 69 0.05614337007848195
68 69 0.876136475060916
0 70 0.04835228405014666
1 70 0.03216133280690432
2 70 0.08014506410438862
3 70 0.12792866925486268
4 70 0.13653811523322543
5 70 0.09887013060223769
6 70 0.04723636196624199
7 70 0.1492489768162495
8 70 0.11331514411430638
9 70 0.10678996137290067
10 70 0.082743359916438
11 70 0.9792787731556623
12 70 0.12904937045994203
13 70 0.037752731688898
14 70 0.05862563523339183
15 70 0.050490177252735795
16 70 0.07280601428398528
17 70 0.08355494853913671
18 70 0.04675498685925423
19 70 0.07714864103663018
20 70 0.013093624778017213
21 70 0.006687664971563771
22 70 0.06577130208094555
23 70 0.048341630014917106
24 70 0.8906819267804718
25 70 0.9891192674227923
26 70 0.07737803307117168
27 70 0.8872776549672288
28 70 0.08675033659470271
29 70 0.06349968424962783
30 70 0.027372896343924806
31 70 0.04157820191191452
32 70 0.1131508761495288
33 70 0.031437196783782845
34 70 0.12504810708721908
35 70 0.10244095523590663
36 70 0.010992688335228781
37 70 0.06197008962187776
38 70 0.02653311055169657
39 70 0.05443383615537826
40 70 0.08167380563959312
41 70 0.8965123985122634
42 70 0.11812778983809798
43 70 0.08802444822460441
44 70 0.1151325246183146
45 70 0.010928148804611695
46 70 0.014158591781754756
47 70 0.10371492752213123
48 70 0.10150627393688119
49 70 0.0703963474950122
50 70 0.04770665860855633
51 70 0.09842709329258467
52 70 0.11672988725838628
53 70 0.01324676612051567
54 70 0.0647911754305694
55 70 0.04237818855447659
56 70 0.08935336086407909
57 70 0.06127955194531684
58 70 0.9834025532771186
59 70 0.09514015138505916
60 70 0.04034738199283863
61 70 0.005558698020169821
62 70 0.08813830206736158
63 70 0.037388248980604444
64 70 0.001411996026047274
65 70 0.07153018793737395
66 70 0.07834679836431328
67 70 0.06992356035938531
68 70 0.8618190012934185
69 70 0.9964163184880734
0 71 0.0027625450267833303
1 71 0.022776130277038283
2 71 0.12306436512952545
3 71 0.09784487121217729
4 71 0.07253345720955766
5 71 0.005002347627560332
6 71 0.1219746029844715
7 71 0.07897693571757264
8 71 0.14559487507947963
9 71 0.11179470507248308
10 71 0.08096369873166942
11 71 0.9512511255054769
12 71 0.07605459281077115
13 71 0.02743305093188365
14 71 0.006663254604915052
15 71 0.07478630726485776
16 71 0.12215114378317321
17 71 0.05824315113946408
18 71 0.11970833339613551
19 71 0.04212914567473092
20 71 0.11985146004134264
21 71 0.11237991182857905
22 71 0.1055088894860684
23 71 0.13224217282377376
24 71 0.0892579288694418
25 71 0.942155723875447
26 71 0.11496258717803147
27 71 0.9859894594620061
28 71 0.015549537514813918
29 71 0.14561929474963559
30 71 0.1291247754792751
31 71 0.14229760719789508
32 71 0.13523897489718634
33 71 0.0027817989921548373
34 71 0.04664033803471792
35 71 0.05123391519351693
36 71 0.060594739443283405
37 71 0.13733846523940765
38 71 0.07496107525972054
39 71 0.12063446448084457
40 71 0.12503356006042957
41 71 0.9839325263957512
42 71 0.06821938387831762
43 71 0.09135750687579379
44 71 0.04526573130898495
45 71 0.08779299668120602
46 71 0.0962588037850025
47 71 0.11090986275933722
48 71 0.9407319260901889
49 71 0.1275072672581568
50 71 0.11115250044564791
51 71 0.0239794543576889
52 71 0.07808868095225861
53 71 0.07970931286950081
54 71 0.09921217050334119
55 71 0.037432347821652445
56 71 0.11702587644430801
57 71 0.022524131047266895
58 71 0.13167613495170163
59 71 0.10480895703162793
60 71 0.09591263914469333
61 71 0.02157953425519894
62 71 0.0017349290563294535
63 71 0.00383144478733105
64 71 0.14528289707605946
65 71 0.007258938273484926
66 71 0.047354667910074345
67 71 0.09799246448049385
68 71 0.9985784877960454
69 71 0.9092846462614056
70 71 0.9871559848469881
0 72 0.08632164316896496
1 72 0.08864835994651261
2 72 0.06520554986796621
3 72 0.012578399289310213
4 72 0.01974862417714171
5 72 0.003420662224069903
6 72 0.015360456105458572
7 72 0.13676174535283492
8 72 0.13543522029576804
9 72 0.12422007305252325
10 72 0.07600884381568127
11 72 0.8610525145889001
12 72 0.13409260460677616
13 72 0.10749170062826391
14 72 0.06824157988079742
15 72 0.07930787784793099
16 72 0.040583154909307535
17 72 0.09236847776198522
18 72 0.0743229852258109
19 72 0.10735908952968336
20 72 0.09454769230159749
21 72 0.1234056126946008
22 72 0.021102135086988296
23 72 0.07095716917442281
24 72 0.09183589812829378
25 72 0.03646905232738549
26 72 0.8703364544010888
27 72 0.9764574689747275
28 72 0.022587283885331027
29 72 0.05820927720893662
30 72 0.07823732306179028
31 72 0.11569559879633114
32 72 0.14027827571811485
33 72 0.0660716320333477
34 72 0.053831298065494367
35 72 0.08953638921229247
36 72 0.1353524040739924
37 72 0.11513974203613567
38 72 0.009725478560426297
39 72 0.14277528051030644
40 72 0.09118872820080694
41 72 0.06720594741237898
42 72 0.051769217594491435
43 72 0.018415812408933592
44 72 0.09498704922988417
45 72 0.0948494936942073
46 72 0.08386353476608562
47 72 0.02494918488818172
48 72 0.10093909002863818
49 72 0.010859474117541738
50 72 0.10510328872282984
51 72 0.12291974849078895
52 72 0.1381626565631898
53 72 0.07167803110114691
54 72 0.1435667410787744
55 72 0.13117586725059704
56 72 0.10316996759216404
57 72 0.0775814518131773
58 72 0.12321533719433159
59 72 0.10452624866640087
60 72 0.07129104500634215
61 72 0.0029596536404044686
62 72 0.08221378076376155
63 72 0.141689329549696
64 72 0.06663588907508228
65 72 0.020972186619874652
66 72 0.02241360112256452
67 72 0.01827165934586631
68 72 0.11146591449389007
69 72 0.03195027164422928
70 72 0.08158636735548111
71 72 0.08785735198172623
0 73 0.007185266793856481
1 73 0.06654410244395198
2 73 0.14802490303531998
3 73 0.09387751907663903
4 73 0.11185795070136882
5 73 0.086991619982623
6 73 0.04208837518480341
7 73 0.1271126839626578
8 73 0.0189505885025082
9 73 0.017107094974955776
10 73 0.13727222093849023
11 73 0.09061980028967245
12 73 0.08915033846701592
13 73 0.04206192886849766
14 73 0.10892880503667855
15 73 0.025740569453895544
16 73 0.129631151170291
17 73 0.06576399707538226
18 73 0.02006483275772772
19 73 0.036337281609597955
20 73 0.1442350663394303
21 73 0.029514106630653025
22 73 0.10566659806660333
23 73 0.1126598953303466
24 73 0.14463477854173484
25 73 0.02214918156996266
26 73 0.06547108592454916
27 73 0.0352572266431842
28 73 0.12241741743163335
29 73 0.03885198663800554
30 73 0.023255934890817426
31 73 0.01550511581451793
32 73 0.00030251970753370486
33 73 0.13351164915826524
34 73 0.023732304481224424
35 73 0.048962007588993654
36 73 0.0317373435804274
37 73 0.13332540209968335
38 73 0.10615497016838683
39 73 0.024953614433539894
40 73 0.1230510088997996
41 73 0.13116329838487104
42 73 0.06924397843366513
43 73 0.007766715813604606
44 73 0.05592194961058888
45 73 0.1455832719088073
46 73 0.12974091372233534
47 73 0.13585313320368497
48 73 0.9167938919958695
49 73 0.09649341221650633
50 73 0.12226556627814948
51 73 0.038717047712974656
52 73 0.11733953843901525
53 73 0.013672801659391822
54 73 0.09599323999545711
55 73 0.14870676433612187
56 73 0.06822882000295152
57 73 0.050125596356744316
58 73 0.05437562873915453
59 73 0.10590162697306398
60 73 0.08870864499313141
61 73 0.060528283876038924
62 73 0.10081454872913731
63 73 0.07869558642930292
64 73 0.14227919578757756
65 73 0.0767683653084126
66 73 0.09568945064899215
67 73 0.13003665819875315
68 73 0.06274202193198979
69 73 0.13323673914248702
70 73 0.04102611475818143
71 73 0.1352369070471712
72 73 0.05727912934065004
0 74 0.09177929400907298
1 74 0.13090632738229477
2 74 0.012582034353818747
3 74 0.06528929581456715
4 74 0.14694768501698682
5 74 0.006104992981835143
6 74 0.048198325552749985
7 74 0.010143772063963361
8 74 0.02309034372807019
9 74 0.06614377252752919
10 74 0.03220289045205886
11 74 0.059695550239994344
12 74 0.03471941875783255
13 74 0.05590165180320516
14 74 0.11139126844071448
15 74 0.06906874960722721
16 74 0.02482888401364373
17 74 0.01865667658709303
18 74 0.016264070942173782
19 74 0.1391079323812817
20 74 0.10137804060034308
21 74 0.027734433395354034
22 74 0.03335090622017092
23 74 0.012804779274981174
24 74 0.07634288163592615
25 74 0.06670635403318913
26 74 0.05390549572245275
27 74 0.08248553600434326
28 74 0.12828887831356392
29 74 0.09907842432581145
30 74 0.11802088183167983
31 74 0.055133935834714834
32 74 0.09136257658570163
33 74 0.1079000684486469
34 74 0.02343815796607212
35 74 0.14330564498972148
36 74 0.08294628496621846
37 74 0.019543801776425763
38 74 0.0600323618317983
39 74 0.08077086537785239
40 74 0.024114442183719904
41 74 0.14815483268393986
42 74 0.1282654658691977
43 74 0.13928282516249868
44 74 0.06448313939973023
45 74 0.10121475022213906
46 74 0.1348218770503228
47 74 0.07412339535396772
48 74 0.9736448334987686
49 74 0.06969274012316838
50 74 0.028718084258006336
51 74 0.08972499320232888
52 74 0.13235753013722898
53 74 0.024035597024437232
54 74 0.14894046685374404
55 74 0.014096767704110716
56 74 0.02156165651408537
57 74 0.03670144090134382
58 74 0.14305633132211762
59 74 0.11776028905041462
60 74 0.14463777648910306
61 74 0.03134338541254037
62 74 0.012194350143465735
63 74 0.06303904461886944
64 74 0.08958886966380421
65 74 0.06593664261900584
66 74 0.07363689876684111
67 74 0.1018537969457373
68 74 0.13603245103246048
69 74 0.05353594957068294
70 74 0.044308536819155586
71 74 0.0821733123826656
72 74 0.025443982176497692
73 74 0.9396125326018336
0 75 0.10034241615313189
1 75 0.06653200811665873
2 75 0.030321617255893888
3 75 0.13725457451587753
4 75 0.1476123167941542
5 75 0.10449115253078524
6 75 0.015329294682283659
7 75 0.03601930781067533
8 75 0.061889399647803656
9 75 0.010235445185567946
10 75 0.07884969561861054
11 75 0.04617658226680836
12 75 0.1304210593564396
13 75 0.09439724111410348
14 75 0.1005641375588537
15 75 0.05503613292250668
16 75 0.00814637334960887
17 75 0.02439869955425693
18 75 0.1257719598393994
19 75 0.09523892965752391
20 75 0.00887987075101632
21 75 0.07700505582334408
22 75 0.009434465526200473
23 75 0.05828363180194518
24 75 0.11903697186002901
25 75 0.8817854207939951
26 75 0.11635514679687992
27 75 0.041941732037471584
28 75 0.0034901102990263938
29 75 0.11645576523905661
30 75 0.05993286261686087
31 75 0.006742275993523787
32 75 0.07295943148569164
33 75 0.05683305482771088
34 75 0.11526409706802031
35 75 0.0811050764492891
36 75 0.06322431098605301
37 75 0.04306671401117823
38 75 0.14725192314878394
39 75 0.03184799870908265
40 75 0.07349054854389686
41 75 0.967832127157664
42 75 0.10939777061208336
43 75 0.14825624671741044
44 75 0.07762726111473428
45 75 0.10636016547278479
46 75 0.11459494670020808
47 75 0.12226262532812868
48 75 0.9285357062957219
49 75 0.11810272551543387
50 75 0.011589983695317815
51 75 0.0471011529428749
52 75 0.10112818788173475
53 75 0.010107548614008836
54 75 0.13848265250754277
55 75 0.09497421674538954
56 75 0.0330028202945764
57 75 0.02301652917398533
58 75 0.11365185402086453
59 75 0.11609109806797455
60 75 0.1294454301290866
61 75 0.002799273051668393
62 75 0.13566729549514733
63 75 0.06456062717092091
64 75 0.08093679728408382
65 75 0.14443583517335423
66 75 0.009013421001397902
67 75 0.015362384170235223
68 75 0.8763687033231717
69 75 0.9395973523951044
70 75 0.8942326456311707
71 75 0.9583897218729888
72 75 0.13540358924849535
73 75 0.12362535332504665
74 75 0.019106141688963824
