77
0 1 0.8227121653829235
0 2 0.7304685627518286
1 2 0.1779736503040886
0 3 0.8835332941195126
1 3 0.12351705128831196
2 3 0.7562492485338749
0 4 0.8983789187177488
1 4 0.059526853275266155
2 4 0.2591731362100639
3 4 0.16922463133044394
0 5 0.8181326472923801
1 5 0.18138530545735296
2 5 0.2239287386962947
3 5 0.24827182837382936
4 5 0.29183714783502684
0 6 0.8581093658844174
1 6 0.13951520054795
2 6 0.19176346568066152
3 6 0.18192417240138678
4 6 0.2261984332353483
5 6 0.10906745714688228
0 7 0.7106987991254244
1 7 0.16325599788761216
2 7 0.08231282570651943
3 7 0.25962195637191915
4 7 0.26550455451223165
5 7 0.07644964262336928
6 7 0.26245811877012554
0 8 0.9527404760156488
1 8 0.16846780542192066
2 8 0.08646796689182036
3 8 0.2293816537527536
4 8 0.1171783011742919
5 8 0.22312977124864505
6 8 0.05090003041825564
7 8 0.11107768188579423
0 9 0.8767242113073058
1 9 0.11797643898381373
2 9 0.02403048091212424
3 9 0.2928912041068632
4 9 0.09443417148024565
5 9 0.2987943556269889
6 9 0.25644180993177607
7 9 0.1016974981421426
8 9 0.21787784027288057
0 10 0.06010238184539615
1 10 0.20164031270757674
2 10 0.25253674664230713
3 10 0.18140555729279004
4 10 0.2436499336684609
5 10 0.052234138548596896
6 10 0.22995564507660882
7 10 0.04888829418532183
8 10 0.2672457463058902
9 10 0.09230095923370026
0 11 0.9631227054082208
1 11 0.03626419208218412
2 11 0.8391666100874007
3 11 0.90638421151256
4 11 0.1835034125239032
5 11 0.08247205543967417
6 11 0.18146806349959374
7 11 0.25373403096969166
8 11 0.0014796988594822146
9 11 0.11399923119043082
10 11 0.9619067041286604
0 12 0.13946908910278585
1 12 0.12085341670053211
2 12 0.12116820905382135
3 12 0.19006021906844126
4 12 0.22496809938690127
5 12 0.1495829211628177
6 12 0.18533887805767077
7 12 0.06283938684591296
8 12 0.13790465555467557
9 12 0.07084596833602705
10 12 0.08141289329679144
11 12 0.7335164183644325
0 13 0.22528697704366446
1 13 0.18441524414711596
2 13 0.015239806612986982
3 13 0.18890826763445895
4 13 0.09840782579436842
5 13 0.09717608973851964
6 13 0.01596486294956487
7 13 0.16164314029223054
8 13 0.26528520649346715
9 13 0.14931147857348046
10 13 0.1475691820807306
11 13 0.8526964023936949
12 13 0.07433881067745553
0 14 0.21366608648245106
1 14 0.11206481616995606
2 14 0.08155908454601163
3 14 0.19675197208755948
4 14 0.033560034400067364
5 14 0.17487177923971947
6 14 0.011721337369785955
7 14 0.0600800761434309
8 14 0.22520953280396064
9 14 0.23455304151223513
10 14 0.23087355822962588
11 14 0.8721919365556466
12 14 0.04721695566576216
13 14 0.11196634882847196
0 15 0.12450865389014289
1 15 0.27188328013054447
2 15 0.12968918295654663
3 15 0.021981933436040244
4 15 0.20026019471357065
5 15 0.23867376778229057
6 15 0.2901441898031264
7 15 0.2852630381974416
8 15 0.25897305027164613
9 15 0.046959365670210494
10 15 0.07223816270443624
11 15 0.7689006802197142
12 15 0.29546204536729886
13 15 0.1135872016537748
14 15 0.14429899266570775
0 16 0.1840242328847413
1 16 0.11775484555913446
2 16 0.18852988976197135
3 16 0.12803017321265417
4 16 0.12466474265607691
5 16 0.08141906761495268
6 16 0.11146738865290245
7 16 0.19841673380177588
8 16 0.11563424030056066
9 16 0.04634981778101675
10 16 0.1480850461118848
11 16 0.22724341709267848
12 16 0.16429518605644836
13 16 0.1371176223432063
14 16 0.1963661284444086
15 16 0.2722251858743735
0 17 0.24769302385374192
1 17 0.2763565316465225
2 17 0.0937630996433291
3 17 0.19509390312651392
4 17 0.25605562681266003
5 17 0.22695568857192583
6 17 0.12009705621829275
7 17 0.272741372754164
8 17 0.22580629885595538
9 17 0.2539754230789078
10 17 0.07236870414869243
11 17 0.08174981867752898
12 17 0.12977919285104106
13 17 0.2602997050229336
14 17 0.21373300815447102
15 17 0.2156604034343121
16 17 0.7625482667621658
0 18 0.12361482119951418
1 18 0.04183796301552632
2 18 0.01721588269476012
3 18 0.06290031222631547
4 18 0.26296251345182126
5 18 0.2184023743156744
6 18 0.24007078402647525
7 18 0.09306964016361831
8 18 0.06331862490192532
9 18 0.06278309978263809
10 18 0.14505759837171975
11 18 0.045753400910031515
12 18 0.19364092708501224
13 18 0.02493667751427344
14 18 0.0896645911903999
15 18 0.036697194181077815
16 18 0.7554583474901043
17 18 0.7677109137777798
0 19 0.2527493150838585
1 19 0.17371961581045187
2 19 0.040264066805720276
3 19 0.14924894310631182
4 19 0.2610673495103707
5 19 0.08673152762132408
6 19 0.13943030237015439
7 19 0.29491418347227766
8 19 0.07417405578828268
9 19 0.2799297737656997
10 19 0.24147759118288392
11 19 0.10340349475352796
12 19 0.2333286226657287
13 19 0.018062427746614984
14 19 0.16555573216391584
15 19 0.04764795036772964
16 19 0.72093953058493
17 19 0.9455985460923662
18 19 0.7107616622462979
0 20 0.2484172462749513
1 20 0.1467407019135687
2 20 0.08059167128120438
3 20 0.03643073348384944
4 20 0.14224392820953594
5 20 0.29565960847546785
6 20 0.008280214757199577
7 20 0.03651720296894064
8 20 0.2959864552222614
9 20 0.05422998290274684
10 20 0.2381874458639909
11 20 0.2495431304562628
12 20 0.2740859874879961
13 20 0.18378856041431468
14 20 0.18028401277424844
15 20 0.1880743584753074
16 20 0.9558450574579402
17 20 0.9017431290868929
18 20 0.7459914094981263
19 20 0.8262971244349379
0 21 0.11563554598893691
1 21 0.019744072859189766
2 21 0.12363981316972318
3 21 0.20511180109725197
4 21 0.12317679558081025
5 21 0.03900090306071497
6 21 0.1458709171921251
7 21 0.19246267688711666
8 21 0.10036187813865487
9 21 0.2477672790253838
10 21 0.13237503003310405
11 21 0.2039693625533807
12 21 0.285635591267603
13 21 0.09792849370750643
14 21 0.1308475792867534
15 21 0.02444335328706679
16 21 0.7197054316770131
17 21 0.9086136883678666
18 21 0.7993235767411037
19 21 0.8863153280390585
20 21 0.7334860471033603
0 22 0.25758388636736906
1 22 0.0891532858834861
2 22 0.2191624177579354
3 22 0.0408535113594895
4 22 0.2676860863974362
5 22 0.07799659742314942
6 22 0.15014182270344104
7 22 0.16944642674254165
8 22 0.11745486400974187
9 22 0.004264929128576433
10 22 0.14973001334399036
11 22 0.060101591927007286
12 22 0.0771860448298039
13 22 0.21948769414593358
14 22 0.15826647409114572
15 22 0.14321944411253093
16 22 0.9218230951187426
17 22 0.8170771090176547
18 22 0.7129919990964784
19 22 0.8386984621765755
20 22 0.9967259117209477
21 22 0.9985220013781049
0 23 0.056617886490372644
1 23 0.07216699063516029
2 23 0.06048443688435998
3 23 0.25507923711557123
4 23 0.15443211176393906
5 23 0.20536329904568543
6 23 0.2356067303980819
7 23 0.1450722162058259
8 23 0.2191354866362249
9 23 6.874266459340194e-05
10 23 0.24548877452932336
11 23 0.9371358753526762
12 23 0.7019139137404157
13 23 0.13978747978454803
14 23 0.19690437541069755
15 23 0.13299519836767001
16 23 0.9491974209433591
17 23 0.8002116175957936
18 23 0.8603946574145928
19 23 0.7191316253266172
20 23 0.7836751658494583
21 23 0.9320602952480908
22 23 0.9579931743553706
0 24 0.024156393175160207
1 24 0.25737671911138527
2 24 0.15893350756340843
3 24 0.2827835122564379
4 24 0.2184371207171871
5 24 0.24796597746902108
6 24 0.09911513638935268
7 24 0.2569244463902026
8 24 0.10758292856407092
9 24 0.10153796726187309
10 24 0.28480734717680867
11 24 0.8611751746661556
12 24 0.25915134270797974
13 24 0.024146054076333655
14 24 0.13097346908193871
15 24 0.25086067334465934
16 24 0.015836772079256854
17 24 0.12725582012770545
18 24 0.2532238820054482
19 24 0.20000113021430133
20 24 0.022962175326522415
21 24 0.019045719975985465
22 24 0.10730464833637318
23 24 0.8467835644166726
0 25 0.016192831917610295
1 25 0.23986867607188272
2 25 0.25579412372152266
3 25 0.18520092704694885
4 25 0.0912538586232419
5 25 0.1900487911316858
6 25 0.2255765807768503
7 25 0.15425961393254026
8 25 0.057292883156567574
9 25 0.25412464062792356
10 25 0.051018836970507096
11 25 0.9765018404636749
12 25 0.17769617639618515
13 25 0.05337511118547051
14 25 0.08436001795970093
15 25 0.29191980634030884
16 25 0.2618381452461808
17 25 0.05756379463232681
18 25 0.2130252243061484
19 25 0.07374199777175246
20 25 0.23240917740608788
21 25 0.28449203869697764
22 25 0.1649468762039787
23 25 0.8423324199753341
24 25 0.791584442130571
0 26 0.0863594982222965
1 26 0.1038010828410344
2 26 0.1413896701098965
3 26 0.16582622568741592
4 26 0.07376903059843568
5 26 0.01383922887542025
6 26 0.17532670796432148
7 26 0.19492476175174248
8 26 0.2110407969319437
9 26 0.12834108543578426
10 26 0.08686444998786742
11 26 0.7939676734485345
12 26 0.05652202223577953
13 26 0.14308039681555973
14 26 0.2299271823384137
15 26 0.17170454171529845
16 26 0.7385088128440638
17 26 0.13382305571573705
18 26 0.1739625173763424
19 26 0.22390091776497853
20 26 0.27985866611725446
21 26 0.004541160008221678
22 26 0.07279740707022271
23 26 0.29256739890712624
24 26 0.9457604957678667
25 26 0.7151644816662126
0 27 0.021074028088338293
1 27 0.0056250686808394625
2 27 0.09388920678598761
3 27 0.12239085798595599
4 27 0.23267954785432216
5 27 0.18114786229704843
6 27 0.11171697730515859
7 27 0.28340875221633544
8 27 0.13220044647263365
9 27 0.07547906478501502
10 27 0.29830438962426825
11 27 0.9444612363313565
12 27 0.039154991017895324
13 27 0.28827363976974957
14 27 0.11080366009046566
15 27 0.01921051359396554
16 27 0.0975813299713317
17 27 0.0839188083736807
18 27 0.1517795454874213
19 27 0.21820807495391034
20 27 0.18611935706053784
21 27 0.020345916244897375
22 27 0.1831770478511075
23 27 0.9626328346088602
24 27 0.793574377209015
25 27 0.9520537526235886
26 27 0.911909771241571
0 28 0.009835794538452612
1 28 0.056476417023086374
2 28 0.18744398589154193
3 28 0.12851464925015899
4 28 0.04008572636142249
5 28 0.1423923115908577
6 28 0.1965885177649011
7 28 0.0020188397131502777
8 28 0.04502302323789746
9 28 0.11773996939584147
10 28 0.2269441425303308
11 28 0.8396561918992754
12 28 0.1914731671726538
13 28 0.045799260628372196
14 28 0.025753682670465038
15 28 0.11270524746447824
16 28 0.13221489011052884
17 28 0.09497370024701475
18 28 0.011156454814358384
19 28 0.24345223009586733
20 28 0.13107047953329973
21 28 0.20579885680879248
22 28 0.2890469318704365
23 28 0.08248462969140925
24 28 0.20829827709725474
25 28 0.17318478283177025
26 28 0.18711060160657486
27 28 0.7383268266362013
0 29 0.2944535028655725
1 29 0.07368424750369575
2 29 0.1861218929178581
3 29 0.022919145486188796
4 29 0.035188460394586826
5 29 0.1638087741187299
6 29 0.12639823571906905
7 29 0.1592464596877594
8 29 0.21903322833662373
9 29 0.18413674476671207
10 29 0.07822526636459595
11 29 0.7802298203716115
12 29 0.0946616029737529
13 29 0.010407960435331964
14 29 0.04955592468209773
15 29 0.2105731217148994
16 29 0.1313563661907484
17 29 0.24301449147980975
18 29 0.2501580751974818
19 29 0.022566346196004082
20 29 0.11496465516682758
21 29 0.118740390699654
22 29 0.1857654450344062
23 29 0.93606086239039
24 29 0.13285788601936094
25 29 0.24830583470908388
26 29 0.2217494523287423
27 29 0.9435587374958372
28 29 0.13808168579426422
0 30 0.10833949631904355
1 30 0.1863130045707397
2 30 0.1625133632960264
3 30 0.053509733701751584
4 30 0.1410270086380668
5 30 0.0026565563609282747
6 30 0.12192606177882342
7 30 0.08327692638434313
8 30 0.2462711415125973
9 30 0.2113267767159917
10 30 0.01622481380886547
11 30 0.23885073407866161
12 30 0.16030548924795832
13 30 0.2987398436381647
14 30 0.04149851481385579
15 30 0.07314796500865713
16 30 0.21836447717287427
17 30 0.2061116788870961
18 30 0.04877580053342277
19 30 0.02007685544020713
20 30 0.2969002512546735
21 30 0.1724283037256279
22 30 0.15313121186681256
23 30 0.8064189988998358
24 30 0.10762167067309238
25 30 0.24393935017265833
26 30 0.009107577601989214
27 30 0.0231387549179341
28 30 0.19825668494639864
29 30 0.10798069350567514
0 31 0.23900072045629056
1 31 0.24967916279719043
2 31 0.19826658540000808
3 31 0.05425161096460124
4 31 0.056958324424278416
5 31 0.23911953102097805
6 31 0.11577067202801447
7 31 0.2834677614512278
8 31 0.29011777545437184
9 31 0.1910571601369941
10 31 0.2284588690440924
11 31 0.9977219845422522
12 31 0.19636397600526181
13 31 0.29640959845176434
14 31 0.2573256042610052
15 31 0.2887373017837152
16 31 0.0027614293821312864
17 31 0.27784186619241585
18 31 0.18297414264782913
19 31 0.2840389523163463
20 31 0.22478037538112378
21 31 0.19400630912220881
22 31 0.22403130605441668
23 31 0.7278556338636265
24 31 0.27741961175836405
25 31 0.07491629601725938
26 31 0.05018029532088318
27 31 0.9365783657327039
28 31 0.28269891745068176
29 31 0.1046855274401994
30 31 0.8573614364177156
0 32 0.16753840755772373
1 32 0.00880853597723511
2 32 0.12836946138945607
3 32 0.16379408712995827
4 32 0.2920720577851419
5 32 0.1968961078175596
6 32 0.04072865010424959
7 32 0.07606670182902366
8 32 0.13149744722968668
9 32 0.006665175671980361
10 32 0.087211077253614
11 32 0.8245656177795918
12 32 0.18520014761367826
13 32 0.2496511780811751
14 32 0.16987187075968607
15 32 0.2632698175610739
16 32 0.1289504252588604
17 32 0.1896785614602643
18 32 0.22255732380623786
19 32 0.13345684848949194
20 32 0.13496580954568418
21 32 0.1907743824333872
22 32 0.2089231063707351
23 32 0.10567808983954417
24 32 0.27652712197662216
25 32 0.22676434683815
26 32 0.22270496323116867
27 32 0.10154115878425465
28 32 0.13699235317174377
29 32 0.14424992115582327
30 32 0.0312611147160361
31 32 0.1293566067486092
0 33 0.10314642189830679
1 33 0.2789453012610808
2 33 0.1533441334521073
3 33 0.13922364563746786
4 33 0.1891080395583301
5 33 0.2213028816218536
6 33 0.06727257563249757
7 33 0.19534967432878753
8 33 0.1397327829175289
9 33 0.16469880722475513
10 33 0.17549187621297638
11 33 0.9177800463149237
12 33 0.025680919150240122
13 33 0.025931410499098362
14 33 0.06316207002013151
15 33 0.14749585390891645
16 33 0.02471348304432217
17 33 0.07792267670109405
18 33 0.166055289631056
19 33 0.2556991874836563
20 33 0.22328867821586632
21 33 0.2708221110550577
22 33 0.10057713671565768
23 33 0.1990923424742264
24 33 0.12036273481938778
25 33 0.0522148783600074
26 33 0.16191075905167424
27 33 0.8639131378319261
28 33 0.2652929968625067
29 33 0.299438196685565
30 33 0.1666996413898079
31 33 0.24365068592875455
32 33 0.06619273303577383
0 34 0.29718168691522373
1 34 0.2369968965109791
2 34 0.2888437840678153
3 34 0.2633040310832473
4 34 0.11021150117278283
5 34 0.05694325701373334
6 34 0.026461559356283183
7 34 0.11952705630624254
8 34 0.06845764102402299
9 34 0.048539581079293626
10 34 0.0995784874024951
11 34 0.7498243173393645
12 34 0.18608532159706262
13 34 0.012127257130810387
14 34 0.01849241258593449
15 34 0.07483346476380275
16 34 0.14262074239073777
17 34 0.15981109604445623
18 34 0.19910297900092588
19 34 0.12828926685026154
20 34 0.24275595753223328
21 34 0.05202467934886509
22 34 0.029959192262647524
23 34 0.25501885668700097
24 34 0.19687328721938183
25 34 0.14119082466293878
26 34 0.10252766278748454
27 34 0.21286845025658505
28 34 0.22136415623308678
29 34 0.9538266827704034
30 34 0.29022572780385963
31 34 0.24331535117643763
32 34 0.026203666688013792
33 34 0.013905613793934079
0 35 0.06686048646083693
1 35 0.17804027351811433
2 35 0.06260183627429208
3 35 0.19143256556450652
4 35 0.26179774901873687
5 35 0.03688843090455502
6 35 0.18017958194240993
7 35 0.26114954665166995
8 35 0.12302502535456368
9 35 0.222545853187681
10 35 0.04315891043918627
11 35 0.9788942301357937
12 35 0.09298418021355002
13 35 0.24697027834916155
14 35 0.21356147518534793
15 35 0.14134575334513058
16 35 0.03686150029470164
17 35 0.18028847166759374
18 35 0.1277649312904008
19 35 0.2048203398143483
20 35 0.059001722313655525
21 35 0.11689590020075155
22 35 0.050699528304747055
23 35 0.10513583576287834
24 35 0.07124618621441797
25 35 0.03306167878747246
26 35 0.2648691810382805
27 35 0.1385006041400677
28 35 0.04903501485027893
29 35 0.9948605026645689
30 35 0.26879929765326394
31 35 0.05214405245760467
32 35 0.20114675788998854
33 35 0.18429578010500358
34 35 0.7157503736558457
0 36 0.05258840577623234
1 36 0.104453070387285
2 36 0.08571118344079134
3 36 0.17420808768526536
4 36 0.002761828723840787
5 36 0.016116543323865296
6 36 0.047451357195270404
7 36 0.23842991105584244
8 36 0.09042027128493671
9 36 0.2597386105383487
10 36 0.08528500806954246
11 36 0.8979309669227424
12 36 0.2905836874034652
13 36 0.1842098074060057
14 36 0.029746281144678432
15 36 0.08475169041517452
16 36 0.042446689359742884
17 36 0.26964245954619537
18 36 0.21662290957863295
19 36 0.05683520986565109
20 36 0.24659125769977236
21 36 0.11227458803187337
22 36 0.2599645334575089
23 36 0.291808855443243
24 36 0.17119608587496563
25 36 0.19531614508406853
26 36 0.004062502262661227
27 36 0.14496655844751646
28 36 0.219094797839269
29 36 0.9900990383024331
30 36 0.002332799003315733
31 36 0.033142658847097904
32 36 0.27628779283359284
33 36 0.22531579569517712
34 36 0.8242040442143629
35 36 0.8654180692366398
0 37 0.13888913437688244
1 37 0.1337064455103976
2 37 0.07220217252306162
3 37 0.08488948503777548
4 37 0.24353070878462008
5 37 0.1984022160892822
6 37 0.04194731966691429
7 37 0.006562975571786944
8 37 0.2713884812724427
9 37 0.2765492172557319
10 37 0.024138384774396504
11 37 0.9008598786185292
12 37 0.20324101263707448
13 37 0.030336884201493483
14 37 0.0399349893267228
15 37 0.10797388450736874
16 37 0.03815627262525071
17 37 0.27594455771521254
18 37 0.09406767962246805
19 37 0.06559338011477957
20 37 0.1103856680765704
21 37 0.11196138731459689
22 37 0.02893672335286339
23 37 0.26384836982779647
24 37 0.01663290283600097
25 37 0.23861359741341676
26 37 0.27310116979272575
27 37 0.06958812148402006
28 37 0.10673331685013361
29 37 0.7936254965592939
30 37 0.24179359530306588
31 37 0.241963933852178
32 37 0.23188421220686162
33 37 0.028239079127804288
34 37 0.843144896115204
35 37 0.7262393010020695
36 37 0.7345860070317144
0 38 0.09430501272472051
1 38 0.04106175763593906
2 38 0.12599804006168594
3 38 0.21504807898530273
4 38 0.08092412508436
5 38 0.22610252539574377
6 38 0.21207684666082963
7 38 0.10226952572273793
8 38 0.19037694922352746
9 38 0.15280200311675737
10 38 0.17765760414453766
11 38 0.8785277725238223
12 38 0.012869207714033349
13 38 0.007803570445827301
14 38 0.062425061441595125
15 38 0.10349236519127027
16 38 0.13371389110756912
17 38 0.03287351352458882
18 38 0.17414533433738438
19 38 0.11131988146713437
20 38 0.15695070486224943
21 38 0.16096297542631552
22 38 0.03018625482308248
23 38 0.005013838117742808
24 38 0.07191763900031874
25 38 0.16370575530978027
26 38 0.06567517235102605
27 38 0.1434315195544055
28 38 0.1780905347058346
29 38 0.8388875485439107
30 38 0.21486834359595108
31 38 0.23220535576713408
32 38 0.003226330210900141
33 38 0.061825223833308705
34 38 0.8151686661799414
35 38 0.9767368506119303
36 38 0.7234719563992477
37 38 0.9816909562801505
0 39 0.11777644496256338
1 39 0.21870588590570159
2 39 0.1182625879313259
3 39 0.28793783691907987
4 39 0.16926732793322127
5 39 0.08480352321047581
6 39 0.05332920323231542
7 39 0.10040150918205122
8 39 0.1345771236626103
9 39 0.1416900028558665
10 39 0.13085668038660694
11 39 0.2927182236942215
12 39 0.1421739885820641
13 39 0.05146929096370678
14 39 0.12951541640729122
15 39 0.028366903659958906
16 39 0.09616266357223843
17 39 0.1155419722047511
18 39 0.2487236310764978
19 39 0.21990398895451205
20 39 0.08718716492417458
21 39 0.054588696539118416
22 39 0.012022573534896197
23 39 0.09024212209878338
24 39 0.2081255383851919
25 39 0.9646461845241836
26 39 0.13788009097472034
27 39 0.059651759692573546
28 39 0.17976613046769863
29 39 0.1190039445760922
30 39 0.14293364395413596
31 39 0.07064664445306064
32 39 0.04271164385156093
33 39 0.07193084610447509
34 39 0.2496724478882274
35 39 0.054713301482997856
36 39 0.02696375931717925
37 39 0.1342539112261888
38 39 0.15694187578755045
0 40 0.26216805947968186
1 40 0.09670249012965974
2 40 0.10429064667182922
3 40 0.10457279725448788
4 40 0.13273945430634174
5 40 0.05661138578903525
6 40 0.014722496785648707
7 40 0.23142598538010967
8 40 0.20555951103174333
9 40 0.25326078095827054
10 40 0.11104149684579258
11 40 0.21733054235647384
12 40 0.18976584717026612
13 40 0.006445349406716883
14 40 0.25728608714297163
15 40 0.2771770902889108
16 40 0.0420555121009188
17 40 0.2773851532180561
18 40 0.29198644556939835
19 40 0.08543128455661586
20 40 0.26665980066913336
21 40 0.06160175182515418
22 40 0.11709511469704185
23 40 0.2085484161017874
24 40 0.08107028913243645
25 40 0.9230896510530573
26 40 0.26713347929759873
27 40 0.13272080942697903
28 40 0.09749301262053339
29 40 0.16895428420529066
30 40 0.04885704753251828
31 40 0.049357193183451074
32 40 0.06379710466098716
33 40 0.1821730761933899
34 40 0.034409652440829594
35 40 0.20536765793649622
36 40 0.14475408411467316
37 40 0.13662118255190797
38 40 0.0725616446327742
39 40 0.020357130785612042
0 41 0.24766933767181812
1 41 0.2086763924500856
2 41 0.13551108646323692
3 41 0.2940768491665945
4 41 0.2815476179500078
5 41 0.04312374346085155
6 41 0.2708313897722301
7 41 0.044294428984937385
8 41 0.07633959870808585
9 41 0.06690134216251328
10 41 0.02397301278915511
11 41 0.1190151159940942
12 41 0.04282678189277345
13 41 0.034933570663927015
14 41 0.004025490943292476
15 41 0.2797502328140096
16 41 0.24182685680130447
17 41 0.04085867292445877
18 41 0.0031672103547979447
19 41 0.006583856105480901
20 41 0.2705662953542108
21 41 0.13763039648361283
22 41 0.031211433791560904
23 41 0.018165024541789532
24 41 0.9751846036949193
25 41 0.8824354592033224
26 41 0.15930828399017846
27 41 0.00013955490180611596
28 41 0.24124680731524192
29 41 0.2939616764101165
30 41 0.08239784507945837
31 41 0.0075371670879694425
32 41 0.043247063218242086
33 41 0.08264622671957061
34 41 0.185889311157408
35 41 0.18010119200171507
36 41 0.1275092926991093
37 41 0.2989314909275481
38 41 0.10745039822903876
39 41 0.060335763944143056
40 41 0.171560559496665
0 42 0.074138482908033
1 42 0.11621336685526334
2 42 0.18215789189999645
3 42 0.11304993069244311
4 42 0.17713043861625669
5 42 0.2543330911021143
6 42 0.28187398533875857
7 42 0.05174422863858036
8 42 0.13776732200687333
9 42 0.048403535052551946
10 42 0.2981757493553041
11 42 0.2753425457341841
12 42 0.12488638492724545
13 42 0.030412800023904417
14 42 0.2483652462010258
15 42 0.20005412138310322
16 42 0.08924222425643849
17 42 0.1448232096995289
18 42 0.15270375446017878
19 42 0.1328051719447022
20 42 0.26974462433251295
21 42 0.2998381918664045
22 42 0.044594608728220506
23 42 0.18952281568780466
24 42 0.806736885915171
25 42 0.7968582909217566
26 42 0.1552583397055118
27 42 0.13645867942373835
28 42 0.2707213202461795
29 42 0.1916860966407448
30 42 0.02768495077351696
31 42 0.15609376687180207
32 42 0.13033539075057468
33 42 0.06282920100056673
34 42 0.2525573010304645
35 42 0.02716321994392863
36 42 0.12030790041268385
37 42 0.20046017298264998
38 42 0.24921197062442246
39 42 0.09855095585958196
40 42 0.29957349748331824
41 42 0.8479535155583531
0 43 0.09434791889585022
1 43 0.10316533967705424
2 43 0.03787544707891068
3 43 0.189391901992825
4 43 0.11905216458378522
5 43 0.09616934307426168
6 43 0.11110324843146384
7 43 0.026679374406989965
8 43 0.2503720469940662
9 43 0.21117490531479421
10 43 0.23139083154551032
11 43 0.903680442299005
12 43 0.025343994260168524
13 43 0.027506986651292108
14 43 0.2412361413351629
15 43 0.24398579084135946
16 43 0.13355020358797898
17 43 0.07714772479391237
18 43 0.29485276357717927
19 43 0.09451336422213176
20 43 0.1331977798155394
21 43 0.23989362638381048
22 43 0.09794806626239157
23 43 0.001758970131608739
24 43 0.12995933197054654
25 43 0.23734943448179777
26 43 0.8928592211454335
27 43 0.8668934111139064
28 43 0.1200527950978199
29 43 0.11758575278456032
30 43 0.2992832079282903
31 43 0.07704557092358251
32 43 0.09112930190470354
33 43 0.10911925612815349
34 43 0.2881612260451744
35 43 0.2959789850024983
36 43 0.2993455057431359
37 43 0.055808364227027105
38 43 0.06637461645335341
39 43 0.1622173564275793
40 43 0.0006535207696191758
41 43 0.06948110991008934
42 43 0.16955209752497222
0 44 0.16893959553796237
1 44 0.17750619069031418
2 44 0.132406929475718
3 44 0.07277301769248061
4 44 0.03807115290397299
5 44 0.04458529473831221
6 44 0.14340597018109388
7 44 0.129607907317389
8 44 0.27638152310019876
9 44 0.21048728489095433
10 44 0.03927183692746894
11 44 0.7914057912701954
12 44 0.0376153468802602
13 44 0.03365828708653905
14 44 0.1372758179291448
15 44 0.1378323090279081
16 44 0.29337799568892936
17 44 0.169196717619809
18 44 0.008463757514980363
19 44 0.1583785878931648
20 44 0.09523270361959484
21 44 0.0772721931959459
22 44 0.13636042048139346
23 44 0.023566717056335052
24 44 0.260961005570972
25 44 0.17758128615863691
26 44 0.06772842306549949
27 44 0.08174703269074587
28 44 0.8662649170465608
29 44 0.1550426164569148
30 44 0.16369008906918758
31 44 0.051348898791569564
32 44 0.04791521160117377
33 44 0.2885710548717013
34 44 0.06009530176655625
35 44 0.2584794019842045
36 44 0.1644839643933539
37 44 0.11128193692420037
38 44 0.22742981459903433
39 44 0.20128613053142175
40 44 0.03406806774948845
41 44 0.1641600184047113
42 44 0.2527885105851081
43 44 0.09478100008221925
0 45 0.23980296934373646
1 45 0.019122996169315842
2 45 0.18269046554525248
3 45 0.264589974178267
4 45 0.21663163121161927
5 45 0.0865301462959224
6 45 0.03950777010535284
7 45 0.13563774137992
8 45 0.008072296415792168
9 45 0.11347313657506947
10 45 0.13435873951329194
11 45 0.28938235974497145
12 45 0.11347836315742527
13 45 0.28595605405103325
14 45 0.09125985930232662
15 45 0.03216859110924009
16 45 0.22355202989702022
17 45 0.2637701081775146
18 45 0.11957695136549444
19 45 0.04083000331590318
20 45 0.23766419390500543
21 45 0.11749820322875762
22 45 0.049514766345683976
23 45 0.12835922661170956
24 45 0.015759088503419248
25 45 0.24388749127483622
26 45 0.21121029870722507
27 45 0.22989320770129518
28 45 0.7153209265785382
29 45 0.10287818756171731
30 45 0.1675347368832576
31 45 0.21416213079172772
32 45 0.24626795005409563
33 45 0.13997258352237874
34 45 0.29339323561062886
35 45 0.2201302490929136
36 45 0.2963843903520475
37 45 0.19803244527515065
38 45 0.24991753087409557
39 45 0.21398353429006609
40 45 0.08480338578737757
41 45 0.29570533221477646
42 45 0.21245058500088332
43 45 0.159870286970153
44 45 0.07546911364667787
0 46 0.10979451746652462
1 46 0.1407002834927198
2 46 0.2298254229157974
3 46 0.23519379405138235
4 46 0.07471978903023044
5 46 0.29100984914152533
6 46 0.23336591762885622
7 46 0.01301729507714866
8 46 0.043682775193593745
9 46 0.0821995552012608
10 46 0.1794405188665547
11 46 0.26180036755066743
12 46 0.2875241056290868
13 46 0.0734291950985589
14 46 0.14548125126407455
15 46 0.036818722877819995
16 46 0.27360469971666895
17 46 0.11955009560111537
18 46 0.2769895995427012
19 46 0.2038741496090114
20 46 0.21336769408130837
21 46 0.24554076633805225
22 46 0.29876866840145155
23 46 0.05774092136613609
24 46 0.17555893065656777
25 46 0.24505022210904356
26 46 0.06610432246757288
27 46 0.12308124817273243
28 46 0.14363829378996543
29 46 0.29355016894126257
30 46 0.10489737695088479
31 46 0.1642331481917322
32 46 0.023253175341273524
33 46 0.23530612562472047
34 46 0.11770727817848528
35 46 0.15917519664865346
36 46 0.2411582871767521
37 46 0.10924921266249467
38 46 0.012008332881199001
39 46 0.22561389277776633
40 46 0.07445279326603796
41 46 0.19006768029386703
42 46 0.0295950492452259
43 46 0.21713045397081185
44 46 0.21852921717135135
45 46 0.14369333320316177
0 47 0.2751630924017202
1 47 0.2578787037404136
2 47 0.09012393558101195
3 47 0.21600230811106347
4 47 0.2548505280262866
5 47 0.22217919016322693
6 47 0.2568765933718652
7 47 0.15642933647130336
8 47 0.12622692482857478
9 47 0.13617530750524107
10 47 0.06781194694309324
11 47 0.15789804933473842
12 47 0.025447179659403327
13 47 0.20944309268798053
14 47 0.2837612751686012
15 47 0.07597561319041424
16 47 0.15148926108857486
17 47 0.023755312238239346
18 47 0.13578910062482294
19 47 0.2550941000742292
20 47 0.15011818354542297
21 47 0.0024684543146213044
22 47 0.17605288953883189
23 47 0.09233461224488887
24 47 0.041852633476446896
25 47 0.16435316731973784
26 47 0.06255650034943695
27 47 0.17722010838761207
28 47 0.18019735301714782
29 47 0.19024850822330483
30 47 0.2336264587015694
31 47 0.0603413889189516
32 47 0.030502760877720612
33 47 0.10660546385692801
34 47 0.12560862813885867
35 47 0.26671418398675406
36 47 0.2560721136393095
37 47 0.20232461867634163
38 47 0.10209867270218892
39 47 0.02599478713949005
40 47 0.19800904826904653
41 47 0.24324042745254848
42 47 0.03889584912983372
43 47 0.10929252204926881
44 47 0.007326812381508462
45 47 0.18999429013626132
46 47 0.9073336447452302
0 48 0.1486826426906926
1 48 0.01914747692335774
2 48 0.2234370868310366
3 48 0.04303985413188124
4 48 0.2908102068754261
5 48 0.1415599635167399
6 48 0.15312032194421257
7 48 0.03829499604986529
8 48 0.07318673558420105
9 48 0.022933622125922138
10 48 0.014378174805552967
11 48 0.7013383001758459
12 48 0.2759668136115827
13 48 0.07053326522257482
14 48 0.02521185481619026
15 48 0.25429466289919145
16 48 0.1795192753351772
17 48 0.20981929292429388
18 48 0.14121542508264667
19 48 0.16126370578450258
20 48 0.15009955316464246
21 48 0.13667495753354855
22 48 0.0026298120978432093
23 48 0.02174303326265212
24 48 0.003674133246880251
25 48 0.7863557659211989
26 48 0.09978102061223162
27 48 0.7215938061899957
28 48 0.15151706189198827
29 48 0.17775199949003875
30 48 0.2896590867079543
31 48 0.29979977178322265
32 48 0.02073904871212747
33 48 0.026950833018707175
34 48 0.005001307230073038
35 48 0.06824910619472081
36 48 0.19323979691988763
37 48 0.2991218478514387
38 48 0.2673143690103629
39 48 0.2768296279941555
40 48 0.04897977375011827
41 48 0.11627573331845194
42 48 0.28017179025423555
43 48 0.2935307703834551
44 48 0.028452962079655152
45 48 0.29804173059989414
46 48 0.17700848445074552
47 48 0.7908126180195966
0 49 0.23357655992510884
1 49 0.034148775722040454
2 49 0.03369047195549334
3 49 0.2309687480625351
4 49 0.07566178384394695
5 49 0.2255936977639748
6 49 0.10345849741758134
7 49 0.22938420247766478
8 49 0.028143043716231053
9 49 0.14563066757663984
10 49 0.04825368174030348
11 49 0.8146510404870242
12 49 0.0046562383905427
13 49 0.06744153420332684
14 49 0.12400521602762049
15 49 0.04323072419545617
16 49 0.2758640257650473
17 49 0.17818195439415854
18 49 0.16148499333667188
19 49 0.04292639531044122
20 49 0.23660055139861902
21 49 0.167598961838378
22 49 0.009957235777224892
23 49 0.1610673960634171
24 49 0.1591825368349649
25 49 0.2936208161091129
26 49 0.8554125047403749
27 49 0.28889095328324454
28 49 0.19399246054549749
29 49 0.17826334820637832
30 49 0.19479992559196882
31 49 0.22231536484284276
32 49 0.02861671839888553
33 49 0.19158648487612492
34 49 0.12392466818264875
35 49 0.16062322337939905
36 49 0.09324163622619586
37 49 0.2818745564431555
38 49 0.22952580319899002
39 49 0.25592649910462667
40 49 0.09688873108217413
41 49 0.13474886773095685
42 49 0.19380403692208475
43 49 0.1212798426461506
44 49 0.00012160948165886864
45 49 0.0843443274189193
46 49 0.211561465387499
47 49 0.18355159739365343
48 49 0.12512585339932134
0 50 0.23640472230339454
1 50 0.2605380433994528
2 50 0.2226655916011225
3 50 0.21824269561293172
4 50 0.24037072518587085
5 50 0.11723260812316501
6 50 0.28518893857618993
7 50 0.07848721639605354
8 50 0.2174639674141592
9 50 0.19777391152242094
10 50 0.20535345379980274
11 50 0.23872691193706252
12 50 0.052110857308641796
13 50 0.11843626944618864
14 50 0.20446184889325367
15 50 0.28527320918081445
16 50 0.21364669772508657
17 50 0.044013390813104215
18 50 0.13314820856183102
19 50 0.15609095780501905
20 50 0.20233951341392156
21 50 0.2635224424137622
22 50 0.13767217453126376
23 50 0.2766254184641978
24 50 0.720322145591235
25 50 0.2989269315666052
26 50 0.24301607194048222
27 50 0.07332103723706762
28 50 0.13932632805316808
29 50 0.04964208895454834
30 50 0.06969836865092816
31 50 0.12365036922185918
32 50 0.291600635940432
33 50 0.04532121022485377
34 50 0.11162578731713159
35 50 0.15346233487458683
36 50 0.04859301813623877
37 50 0.007243132672683294
38 50 0.2029575121378827
39 50 0.21983692934187657
40 50 0.07585494451456093
41 50 0.0018359054577449796
42 50 0.14381276412660504
43 50 0.1894365361756474
44 50 0.08600057354886752
45 50 0.14001029286090508
46 50 0.12308545808884296
47 50 0.2937393271203151
48 50 0.20263147857154196
49 50 0.7899955892183095
0 51 0.18443952392354573
1 51 0.13103918722210586
2 51 0.21802392933899895
3 51 0.2565310006326615
4 51 0.2709145336641241
5 51 0.20771191963956115
6 51 0.013972899555515849
7 51 0.03440690843314825
8 51 0.11956163151660866
9 51 0.04164044014738045
10 51 0.15696706943705277
11 51 0.974799205084173
12 51 0.07250188803593846
13 51 0.10404957659313199
14 51 0.18984964227165602
15 51 0.11535831635678627
16 51 0.0035903783495808694
17 51 0.07429572465025384
18 51 0.10947519864024269
19 51 0.1452923123721173
20 51 0.29496821571574006
21 51 0.23950890526400623
22 51 0.1786784595922279
23 51 0.02524886491718944
24 51 0.18958605863584913
25 51 0.25407381880520946
26 51 0.759888202852089
27 51 0.10973912307770552
28 51 0.28624545526162026
29 51 0.20112578668862754
30 51 0.24254152081287342
31 51 0.14255502626347752
32 51 0.149216503904926
33 51 0.0073763004424498456
34 51 0.2022190153144291
35 51 0.03982775536794701
36 51 0.10662942579557863
37 51 0.06309122227746584
38 51 0.1828066015501296
39 51 0.15195751269547816
40 51 0.017519816052545434
41 51 0.2844484004267638
42 51 0.09351714834914707
43 51 0.19989948452189815
44 51 0.09429507010383455
45 51 0.10842787173942117
46 51 0.2523613106229457
47 51 0.11765348530253766
48 51 0.2989131828313954
49 51 0.7569949496305931
50 51 0.1997978869352502
0 52 0.07430119672789039
1 52 0.11286167919947156
2 52 0.10790680542128747
3 52 0.2850776945819858
4 52 0.10891113037128124
5 52 0.2733438039671123
6 52 0.22044334760060882
7 52 0.06390889965996933
8 52 0.24720501366508724
9 52 0.08230337819397049
10 52 0.022844678627275784
11 52 0.24084449300837357
12 52 0.21352801558168838
13 52 0.18066144207360776
14 52 0.03645415823083994
15 52 0.04974562953072217
16 52 0.057751917439635835
17 52 0.2763134978134873
18 52 0.26902599483359013
19 52 0.049554554804428864
20 52 0.2538845399633697
21 52 0.16697822058462655
22 52 0.28820197052139385
23 52 0.20982914468625416
24 52 0.06615946174723185
25 52 0.2759932616106369
26 52 0.0799140835499493
27 52 0.22567237593633546
28 52 0.26052787879393396
29 52 0.19210205692014462
30 52 0.25108383166684417
31 52 0.25578015215294664
32 52 0.12544377196702933
33 52 0.007836436611227482
34 52 0.15460835845071652
35 52 0.12864571307176742
36 52 0.20242729202576756
37 52 0.016914169798213485
38 52 0.15149664964529236
39 52 0.8214877491207513
40 52 0.23704056250214725
41 52 0.04750569895828298
42 52 0.23295402927521056
43 52 0.06284963806495714
44 52 0.1020893421013423
45 52 0.29277564438676945
46 52 0.0979854484987122
47 52 0.11368113038705523
48 52 0.19596440042692514
49 52 0.2256499726991834
50 52 0.2203397765400205
51 52 0.7663372719552307
0 53 0.24160387619916818
1 53 0.14040216503426697
2 53 0.08595964799658358
3 53 0.23467457019456647
4 53 0.2668005654620327
5 53 0.14593340512304173
6 53 0.152663167059658
7 53 0.2579825542621695
8 53 0.12317349799403891
9 53 0.08644601299064997
10 53 0.2614550848061896
11 53 0.21759952419312545
12 53 0.15627975314417855
13 53 0.23285018892127018
14 53 0.0852570156318055
15 53 0.03263469439262949
16 53 0.15702339735952373
17 53 0.10512995646723845
18 53 0.035381177651020265
19 53 0.17249463668230527
20 53 0.2263251133900004
21 53 0.19219781244203407
22 53 0.20091226483886027
23 53 0.22109680702290324
24 53 0.0030937815701634675
25 53 0.023424736403958455
26 53 0.049669801334850126
27 53 0.15455287415275826
28 53 0.23214522787739125
29 53 0.08903550183107914
30 53 0.12558363741971415
31 53 0.0021280205166479328
32 53 0.2361923833577232
33 53 0.246141134697427
34 53 0.24842841101542257
35 53 0.27293268440495244
36 53 0.146288916382682
37 53 0.28406009945796995
38 53 0.029052462177654725
39 53 0.2881404216414532
40 53 0.14299718752483964
41 53 0.18828689538042856
42 53 0.1751200890947568
43 53 0.2870025592423938
44 53 0.08205072595621377
45 53 0.1997742667237263
46 53 0.25466479047040047
47 53 0.1860635406976723
48 53 0.1712264355315758
49 53 0.011030264744347896
50 53 0.05762296752294935
51 53 0.8541460630331366
52 53 0.22660560213200484
0 54 0.04991733327559959
1 54 0.2528966422454929
2 54 0.17098988629045622
3 54 0.10787957120000537
4 54 0.14437761832569632
5 54 0.2835841945904116
6 54 0.05609621840200147
7 54 0.10664439158998847
8 54 0.2535955576290038
9 54 0.013656245947082767
10 54 0.23886078957612827
11 54 0.1558189969325839
12 54 0.023499195776162517
13 54 0.011269056822314738
14 54 0.0799365756416168
15 54 0.0734900197447873
16 54 0.025644360498579155
17 54 0.29422578590013215
18 54 0.2581629384515075
19 54 0.0670740811714406
20 54 0.16552826174417276
21 54 0.24898719230181146
22 54 0.208466789076191
23 54 0.1554199910013571
24 54 0.27700510626708946
25 54 0.016789467843492688
26 54 0.9320403893172898
27 54 0.12943324556791674
28 54 0.17734486225852703
29 54 0.04291257341488083
30 54 0.016138490661610747
31 54 0.286573270889011
32 54 0.24204584040423982
33 54 0.2553578987519822
34 54 0.11535805235583313
35 54 0.25804289361083943
36 54 0.17576306762798607
37 54 0.14616793094681224
38 54 0.17393854274745787
39 54 0.21386431948191587
40 54 0.17307937002364693
41 54 0.08770245563503105
42 54 0.04748152653096983
43 54 0.29081799334956143
44 54 0.11013947042843013
45 54 0.05839324003272591
46 54 0.09742314099599449
47 54 0.23178886557759193
48 54 0.07757541915533608
49 54 0.8253081238136815
50 54 0.20646822646491966
51 54 0.8555062283981812
52 54 0.22671692535074564
53 54 0.06556539166975567
0 55 0.11241130620286072
1 55 0.12749840017604117
2 55 0.09165435746328389
3 55 0.2246407057921478
4 55 0.24570823330755331
5 55 0.29142129578193654
6 55 0.22630674511648832
7 55 0.296585615370389
8 55 0.17437485595356975
9 55 0.10656615511298398
10 55 0.02830893097597884
11 55 0.7926622599554696
12 55 0.17049843257911346
13 55 0.23187021303739463
14 55 0.08016121303571654
15 55 0.2959386769112379
16 55 0.8499980851756692
17 55 0.15146389509912728
18 55 0.20438642663011977
19 55 0.1842623250682939
20 55 0.003672496631778943
21 55 0.05320768474150118
22 55 0.038449962403520166
23 55 0.15907307993953285
24 55 0.20788983128439373
25 55 0.7206749421232843
26 55 0.9450566379179206
27 55 0.051644337848189725
28 55 0.19855058208899543
29 55 0.09150904359008222
30 55 0.23748550514446723
31 55 0.1353112075173242
32 55 0.08744603120300101
33 55 0.23645217186725848
34 55 0.15345112149523296
35 55 0.053285048042842294
36 55 0.24127917424226553
37 55 0.2845062559603214
38 55 0.09720065955439834
39 55 0.9609518821160077
40 55 0.17367663046594964
41 55 0.7510817312543859
42 55 0.2711386903096529
43 55 0.15914033244191902
44 55 0.05630804107959903
45 55 0.16514405779189548
46 55 0.2066629900099656
47 55 0.09978700555406735
48 55 0.8292294631919088
49 55 0.9961503799590843
50 55 0.1134900287484112
51 55 0.7146730179218308
52 55 0.24908310170579037
53 55 0.13934375024307025
54 55 0.7905334166599536
0 56 0.2301535238458626
1 56 0.1800161325940047
2 56 0.18979187763851735
3 56 0.16158474327513062
4 56 0.19104382303912373
5 56 0.26117713803077075
6 56 0.002118822614146354
7 56 0.0424405193617361
8 56 0.13116776007026237
9 56 0.10369858253154596
10 56 0.17808731511395548
11 56 0.12550300447761403
12 56 0.11772106250447725
13 56 0.021800225930563053
14 56 0.284442902236212
15 56 0.24752129983432491
16 56 0.14536334645042573
17 56 0.008734145806719561
18 56 0.011909427943797712
19 56 0.29018916223423297
20 56 0.06326149782367538
21 56 0.04833801763569296
22 56 0.2826004806598478
23 56 0.037534849521491144
24 56 0.2942662018313366
25 56 0.15098447570564658
26 56 0.11528118273936694
27 56 0.042607634334538215
28 56 0.2514071329519993
29 56 0.10472390407057537
30 56 0.05133591860439439
31 56 0.05209202268694752
32 56 0.2790426311390407
33 56 0.15489929519237683
34 56 0.2426378435007544
35 56 0.00956018648276331
36 56 0.2680489367509371
37 56 0.1550921532089484
38 56 0.28494781737965835
39 56 0.29265556055958464
40 56 0.023433997472767854
41 56 0.2960994600599904
42 56 0.2873119269847774
43 56 0.11259920311718179
44 56 0.2675524107430364
45 56 0.26912036844830733
46 56 0.29367354300293813
47 56 0.28188417547779376
48 56 0.04199105306221523
49 56 0.8656629104803186
50 56 0.23138606248512483
51 56 0.08573371098129441
52 56 0.2371402970394626
53 56 0.27970485135935363
54 56 0.23895814943507218
55 56 0.7858681820243794
0 57 0.24081097236297874
1 57 0.29738476173896405
2 57 0.1337759217078993
3 57 0.2840005965402121
4 57 0.2075255795855011
5 57 0.04048894418528285
6 57 0.24055909114426505
7 57 0.2543938134213709
8 57 0.07633541154771982
9 57 0.09185719600371248
10 57 0.03581971135382739
11 57 0.20239326370895858
12 57 0.2907613805589689
13 57 0.08946340705611411
14 57 0.27557502795762034
15 57 0.07754708801934114
16 57 0.0972427799734741
17 57 0.2074558596121782
18 57 0.06430394760059728
19 57 0.1786832333052992
20 57 0.23712460348727016
21 57 0.1399398946335286
22 57 0.02325852023908447
23 57 0.0945069406863559
24 57 0.01406737130672233
25 57 0.2215554663654342
26 57 0.17780423613861643
27 57 0.09913738493051495
28 57 0.1750564135701853
29 57 0.203064099223903
30 57 0.17093125954023472
31 57 0.0007816966518038315
32 57 0.2165233890439966
33 57 0.18208828206927227
34 57 0.13712833237732253
35 57 0.29116076420501436
36 57 0.17191549375273057
37 57 0.11182079315412695
38 57 0.104625184403839
39 57 0.21317577759025894
40 57 0.24212741947282085
41 57 0.8498984403471394
42 57 0.012232390572512264
43 57 0.23205598136629463
44 57 0.2534875375818066
45 57 0.15444040711649826
46 57 0.12684647460143786
47 57 0.13341494065570425
48 57 0.8905679806543553
49 57 0.1126004613754853
50 57 0.055701910261702146
51 57 0.21118232084761182
52 57 0.28150940811025876
53 57 0.20069467731119187
54 57 0.03934611475330772
55 57 0.8510325616985044
56 57 0.28319077994709424
0 58 0.20423159733979868
1 58 0.24358573970609326
2 58 0.09736554225393902
3 58 0.021145528412740665
4 58 0.27438755100310475
5 58 0.012097187436432354
6 58 0.10057959581656913
7 58 0.06659854023502086
8 58 0.13562624662270162
9 58 0.2072560587372196
10 58 0.18769322493306625
11 58 0.9736245443420639
12 58 0.1936273769663458
13 58 0.2641773856812365
14 58 0.08972027488992623
15 58 0.22990356349884455
16 58 0.1494247496017054
17 58 0.17120334337946816
18 58 0.0022921544010034434
19 58 0.050809976766276785
20 58 0.05939250016865722
21 58 0.17293762551706865
22 58 0.08435295966782648
23 58 0.27855086152263114
24 58 0.11762103627194981
25 58 0.012695943334594506
26 58 0.0774535521416752
27 58 0.7325318577777697
28 58 0.09159540796001654
29 58 0.20087999011354943
30 58 0.11175791600137851
31 58 0.2727859969601752
32 58 0.18952475714642072
33 58 0.2385501596983388
34 58 0.21008766825518269
35 58 0.10992993792286194
36 58 0.16591716158273467
37 58 0.25076670292998565
38 58 0.21488280263995838
39 58 0.276368276830291
40 58 0.26285497819080433
41 58 0.27410170427209496
42 58 0.03251784714484696
43 58 0.06316266021242631
44 58 0.04099934061566841
45 58 0.1978526566476641
46 58 0.1351413844599259
47 58 0.08631766608080191
48 58 0.8066195408562011
49 58 0.2510120016252232
50 58 0.10258562000680692
51 58 0.28899340207724633
52 58 0.29600886336481064
53 58 0.09446394207102056
54 58 0.233710150482766
55 58 0.7612391590831397
56 58 0.16241323818214298
57 58 0.8714667608601697
0 59 0.13734213595020825
1 59 0.1941163796493793
2 59 0.10496192243555194
3 59 0.07228239908880887
4 59 0.15250451721463185
5 59 0.10440510991525738
6 59 0.06464503539826545
7 59 0.19917691672410906
8 59 0.1771411412004136
9 59 0.29955749510934543
10 59 0.20990342226462674
11 59 0.20747410524133386
12 59 0.21540449065958636
13 59 0.24763996231623553
14 59 0.13518649753737846
15 59 0.08870425274258477
16 59 0.1525903780000561
17 59 0.023979410870960005
18 59 0.22981475492411588
19 59 0.1057567757262274
20 59 0.05606023217193553
21 59 0.23988093045127246
22 59 0.18060084448709776
23 59 0.020682020021622692
24 59 0.1391672281556156
25 59 0.21835845688591635
26 59 0.19740713420668124
27 59 0.12577283459274033
28 59 0.043028038621746145
29 59 0.1857496495318569
30 59 0.1976257698166117
31 59 0.2511985080249053
32 59 0.15422460065751195
33 59 0.10827391263505788
34 59 0.026593207682145136
35 59 0.2642751778394135
36 59 0.05604629994614145
37 59 0.14141215754781536
38 59 0.058242915975293706
39 59 0.01268299456611791
40 59 0.04439608215239849
41 59 0.0030313324898581183
42 59 0.0002637272658841727
43 59 0.08394054085670327
44 59 0.06891772079281981
45 59 0.11135512195562935
46 59 0.2054122019155049
47 59 0.12302927750256692
48 59 0.720763688931184
49 59 0.2459259004560975
50 59 0.282621613718222
51 59 0.05407030226745944
52 59 0.0588896805564485
53 59 0.16016723320105172
54 59 0.060116758832593306
55 59 0.9457618861183612
56 59 0.2366648292551561
57 59 0.9921133520664323
58 59 0.7972905103852628
0 60 0.021632750083866215
1 60 0.06939991476168535
2 60 0.07432318181659471
3 60 0.1272941985983256
4 60 0.21802300738531707
5 60 0.28500494856310077
6 60 0.06495410572395469
7 60 0.23305225035317384
8 60 0.07696047577212974
9 60 0.24648580243048657
10 60 0.28690256733603064
11 60 0.2275378556699975
12 60 0.16697765599232572
13 60 0.23390278357475144
14 60 0.27019121173335364
15 60 0.2408671099044007
16 60 0.23108380606463577
17 60 0.13464319827453786
18 60 0.07178790899389188
19 60 0.04402552036965431
20 60 0.25553951993413204
21 60 0.13839659366325022
22 60 0.12071354229706437
23 60 0.18484253613212537
24 60 0.09654766093266313
25 60 0.0011935907462400808
26 60 0.0975324100753165
27 60 0.16788552592694772
28 60 0.29748718333767055
29 60 0.1873418508249464
30 60 0.2560521757531902
31 60 0.2594304722805706
32 60 0.09013608650097052
33 60 0.19995168720802697
34 60 0.2478367941429922
35 60 0.13611538664618525
36 60 0.19677715444962532
37 60 0.04966093777399911
38 60 0.06957204220807002
39 60 0.09550686689394128
40 60 0.0391252687468445
41 60 0.05475109524634801
42 60 0.23473919482599295
43 60 0.26864747444656834
44 60 0.13298968281951912
45 60 0.21590947797214488
46 60 0.25617956443795287
47 60 0.18677637059907615
48 60 0.8823143175747907
49 60 0.2705719280048092
50 60 0.12526203879117162
51 60 0.20839551997914893
52 60 0.2412948993479491
53 60 0.2508340186980197
54 60 0.04426275896420125
55 60 0.14367053604461666
56 60 0.17584293604495435
57 60 0.02055855955754252
58 60 0.8300711987244513
59 60 0.7354315754090298
0 61 0.03778829508718041
1 61 0.19194651321940065
2 61 0.1410058192051144
3 61 0.10636055490568853
4 61 0.0815951196388331
5 61 0.025402737034884038
6 61 0.2295144835186856
7 61 0.048100797044793794
8 61 0.21316063602177682
9 61 0.1906714575063006
10 61 0.1031056826815453
11 61 0.0973167348139047
12 61 0.2924108187928673
13 61 0.20819679661368343
14 61 0.2527571946292307
15 61 0.12373678649047694
16 61 0.0450190726188842
17 61 0.1252011653723845
18 61 0.1967022173448149
19 61 0.10917328401879534
20 61 0.02940766400309298
21 61 0.2641963086417502
22 61 0.09707927163547055
23 61 0.06894976897769944
24 61 0.2371752564965638
25 61 0.2610452782066645
26 61 0.03699113410198694
27 61 0.2805627739838324
28 61 0.013793434272547688
29 61 0.06651929177799402
30 61 0.0811985741867177
31 61 0.15723143034187895
32 61 0.1458103728866541
33 61 0.23333811816550082
34 61 0.03290353207582063
35 61 0.11982081429483744
36 61 0.0021673720705582375
37 61 0.28296820227161606
38 61 0.036941837465481464
39 61 0.2617945959575085
40 61 0.10517162952140242
41 61 0.08709629343178131
42 61 0.11981589708003737
43 61 0.03391899480079985
44 61 0.14549084116802044
45 61 0.09682775158427159
46 61 0.044888385220256496
47 61 0.14996818932905998
48 61 0.714839649510598
49 61 0.2897143867915611
50 61 0.2528884259106872
51 61 0.15349348010358674
52 61 0.05798417130310583
53 61 0.12120785680384238
54 61 0.0822018374630336
55 61 0.8095674634797067
56 61 0.1693530935669608
57 61 0.9783915406893662
58 61 0.8218298833887406
59 61 0.8644082318966323
60 61 0.8396857460134245
0 62 0.26582431875542084
1 62 0.1611457969007323
2 62 0.21176083718449282
3 62 0.20606488560417105
4 62 0.2648001001538515
5 62 0.16710931423449146
6 62 0.18997768383914151
7 62 0.07874741154120828
8 62 0.18339961679104755
9 62 0.23647514042833248
10 62 0.26916860504926077
11 62 0.20502105193666764
12 62 0.22803742096763766
13 62 0.04199633228094444
14 62 0.28301583281149895
15 62 0.04105588279344069
16 62 0.28120910226381746
17 62 0.04657835367937204
18 62 0.01564705059315046
19 62 0.23677277407359756
20 62 0.2901706061611699
21 62 0.25336340479325237
22 62 0.2665753897970136
23 62 0.13076791058434295
24 62 0.11534747027112217
25 62 0.05550513889092464
26 62 0.2699784868482891
27 62 0.1951389310215289
28 62 0.15895348614911778
29 62 0.07578883088492942
30 62 0.23749935803563588
31 62 0.25294153838567357
32 62 0.11710065567471917
33 62 0.08078046385246374
34 62 0.2326490655785698
35 62 0.17787983044119635
36 62 0.03266260631182686
37 62 0.10381347047038253
38 62 0.030566992434466943
39 62 0.08543506096816443
40 62 0.28132950056687683
41 62 0.8501401637191479
42 62 0.1685938060532927
43 62 0.16297856867374785
44 62 0.10611707896859301
45 62 0.2010555295405184
46 62 0.16070174659933611
47 62 0.22368590344143116
48 62 0.8617653320261035
49 62 0.1385939505011097
50 62 0.21507391825259828
51 62 0.056573652647695136
52 62 0.12549111990139397
53 62 0.1180801214722178
54 62 0.21829021341478322
55 62 0.9454970716424298
56 62 0.14344874290131635
57 62 0.7979159637748631
58 62 0.9441525477620226
59 62 0.7877701758441616
60 62 0.852280806708937
61 62 0.7940975295154744
0 63 0.22157078038059727
1 63 0.12917145030040464
2 63 0.15077779308932696
3 63 0.12392413139069303
4 63 0.010336348428958387
5 63 0.27885006479859026
6 63 0.22695742086071324
7 63 0.28407000106571184
8 63 0.14061880837376403
9 63 0.06719321978242117
10 63 0.2842177787029966
11 63 0.2748145372170362
12 63 0.04277111922235228
13 63 0.059069606613473165
14 63 0.20646542656668168
15 63 0.18054204600073492
16 63 0.10085971711505422
17 63 0.16947492890786717
18 63 0.22737695570478747
19 63 0.0330385922438155
20 63 0.1877411042262594
21 63 0.07702326440941888
22 63 0.1701569144632358
23 63 0.2940301795893418
24 63 0.003133300950572304
25 63 0.22417640877418085
26 63 0.03223786778449206
27 63 0.2978378895850561
28 63 0.1491745357210365
29 63 0.17690288746595947
30 63 0.2240259904447659
31 63 0.06897370673468602
32 63 0.2961087348696366
33 63 0.031499903363617965
34 63 0.11122766483158614
35 63 0.13254674743562236
36 63 0.19704295844371736
37 63 0.20292297060288644
38 63 0.05075277144876935
39 63 0.15760559134722285
40 63 0.10307719474204677
41 63 0.24360392339111123
42 63 0.12126529411605377
43 63 0.19706726681338788
44 63 0.04468320844644203
45 63 0.07708676045241059
46 63 0.2624709171636737
47 63 0.16659106646459357
48 63 0.7207592703974496
49 63 0.057151519379841774
50 63 0.28961032493831745
51 63 0.05233944251664275
52 63 0.2822180773798518
53 63 0.18073352888865538
54 63 0.13279625560636657
55 63 0.9634278476412255
56 63 0.13473475627506296
57 63 0.7293483607349723
58 63 0.7322573024125612
59 63 0.8947051746127467
60 63 0.8120995700613012
61 63 0.7778183731446996
62 63 0.818307768404833
0 64 0.12643920950459317
1 64 0.12053302992408031
2 64 0.08558021985990838
3 64 0.0262918585982178
4 64 0.009111079943234702
5 64 0.18657666976259088
6 64 0.1637994332404822
7 64 0.12519600994424346
8 64 0.10795235873230534
9 64 0.17854722010464041
10 64 0.06451952724189931
11 64 0.9729341431221181
12 64 0.2782039313039284
13 64 0.28988736387557457
14 64 0.21297954663646249
15 64 0.22708782215190407
16 64 0.10322537709749971
17 64 0.2746165832808677
18 64 0.24308452806905498
19 64 0.11156914633504578
20 64 0.24950482320609596
21 64 0.2630684744040047
22 64 0.23348968542090798
23 64 0.23456106663229764
24 64 0.09465415016635774
25 64 0.029531753897154355
26 64 0.2010354452879864
27 64 0.030168023158895663
28 64 0.03911804461262024
29 64 0.1833455796738239
30 64 0.11643293426459876
31 64 0.14139625447478962
32 64 0.12137303858217656
33 64 0.2784692240490303
34 64 0.08311631817878759
35 64 0.15611601419481078
36 64 0.07989997864403243
37 64 0.1109824605994833
38 64 0.21002005130534654
39 64 0.0249217293485234
40 64 0.04253492376393635
41 64 0.1120826099495003
42 64 0.29913473492781556
43 64 0.06368779875740165
44 64 0.024361453978957514
45 64 0.04547329301182088
46 64 0.062159481417118176
47 64 0.13149296536552704
48 64 0.7744723014865191
49 64 0.15428199052651573
50 64 0.13957047387798724
51 64 0.08334822887598682
52 64 0.001969423006890625
53 64 0.08013028799340866
54 64 0.09917433549788207
55 64 0.9980115619887611
56 64 0.20848677804992427
57 64 0.7322306521895079
58 64 0.9555849769940885
59 64 0.8591945983511291
60 64 0.8375812519916586
61 64 0.7058783927269184
62 64 0.7262371309776215
63 64 0.9913773540245254
0 65 0.12883639873001887
1 65 0.1173745678796242
2 65 0.23151980143418538
3 65 0.044523266269033135
4 65 0.21542200157946198
5 65 0.24326927996665038
6 65 0.05274564787085212
7 65 0.06360497764435229
8 65 0.1521854171212347
9 65 0.058582599332091874
10 65 0.10435426822986488
11 65 0.07672701427157787
12 65 0.03791334432069523
13 65 0.1544099591281533
14 65 0.0040776253775691605
15 65 0.19124915174165308
16 65 0.16692913253750555
17 65 0.20118339233483923
18 65 0.023909723608545642
19 65 0.1199840877926267
20 65 0.05895393026056067
21 65 0.23467636891685073
22 65 0.07335528647392836
23 65 0.12050042405956997
24 65 0.1524436256230408
25 65 0.20244419978365802
26 65 0.26656858730309746
27 65 0.06560258880054064
28 65 0.15907527805045316
29 65 0.06478637049122617
30 65 0.11852469550034388
31 65 0.0758532765376879
32 65 0.08988348801185926
33 65 0.28057266856281976
34 65 0.07019654583791027
35 65 0.1272657974676055
36 65 0.19683481489310053
37 65 0.09530272838092269
38 65 0.29387478451392485
39 65 0.24491966177616614
40 65 0.1491371433336251
41 65 0.14398881782639203
42 65 0.23809848343726076
43 65 0.1942198344755993
44 65 0.04047366207713577
45 65 0.19463638976681796
46 65 0.21678067302475842
47 65 0.048091745772381754
48 65 0.7423167793462266
49 65 0.09825426279307813
50 65 0.0320161175851802
51 65 0.2699079645149117
52 65 0.06225223097275337
53 65 0.20815706961508337
54 65 0.12174765332793813
55 65 0.9218935109454671
56 65 0.07976852555560326
57 65 0.7498354267772095
58 65 0.8765881699727153
59 65 0.7149957792473577
60 65 0.990448508484346
61 65 0.8021031958180422
62 65 0.8606239816537914
63 65 0.8803324825097031
64 65 0.8772825855759415
0 66 0.03256217305007569
1 66 0.2653144332454811
2 66 0.22216084409564044
3 66 0.21057262933270712
4 66 0.15840735209727877
5 66 0.2937318482546844
6 66 0.13715829938650226
7 66 0.15248378702261697
8 66 0.1659563170998656
9 66 0.12138546433425645
10 66 0.2506916046483381
11 66 0.24216922444186584
12 66 0.09773735057027079
13 66 0.053567116459608634
14 66 0.20494539718592422
15 66 0.20918528430853442
16 66 0.12170032435062497
17 66 0.19753114494728632
18 66 0.017698516606445756
19 66 0.07700589028089265
20 66 0.0908040312946318
21 66 0.19027328864448545
22 66 0.03833125812466193
23 66 0.22058728471826575
24 66 0.1762235769817609
25 66 0.1270255380088496
26 66 0.010146016759943187
27 66 0.2036315557650844
28 66 0.1705066980607844
29 66 0.13875497676541867
30 66 0.16528975451035216
31 66 0.0715339038136459
32 66 0.2590781964859934
33 66 0.13293553501928462
34 66 0.004055759670463321
35 66 0.1208866214872592
36 66 0.18779377534098463
37 66 0.2604814896959957
38 66 0.13343472286420585
39 66 0.21371320468215574
40 66 0.2376601757479656
41 66 0.23789706394090354
42 66 0.20710374457434397
43 66 0.28167022236394396
44 66 0.1420013723757104
45 66 0.08561252836775203
46 66 0.11908569382802747
47 66 0.2847028505683852
48 66 0.9817831711896718
49 66 0.11756088472253617
50 66 0.12183769935954815
51 66 0.1044555712309004
52 66 0.297231044036069
53 66 0.0753203983836511
54 66 0.14060505077120153
55 66 0.14724126953940733
56 66 0.13451433211641897
57 66 0.04146687355147719
58 66 0.8405924822424172
59 66 0.9116080012342758
60 66 0.7574934031518977
61 66 0.952439129250998
62 66 0.7387047420968288
63 66 0.8867232032542226
64 66 0.7938050852339325
65 66 0.9607126917930672
0 67 0.19051388261722443
1 67 0.22299543868641464
2 67 0.0192800795164501
3 67 0.2816885616741616
4 67 0.2019274624620346
5 67 0.28656181510973455
6 67 0.12574016871096147
7 67 0.19156715063747176
8 67 0.22864536354022752
9 67 0.043418646126673364
10 67 0.059219858539283396
11 67 0.15632973216542514
12 67 0.168738297010836
13 67 0.1818059928262372
14 67 0.2500797395217948
15 67 0.2240694938690661
16 67 0.23499829090083219
17 67 0.17519024016857082
18 67 0.08409283046622643
19 67 0.22250988488379655
20 67 0.047984434009149125
21 67 0.08469182468583565
22 67 0.07992778310137681
23 67 0.06651248280107813
24 67 0.007649447957269628
25 67 0.05327011557649457
26 67 0.1965948308594401
27 67 0.20143515231635148
28 67 0.24377305071314032
29 67 0.16562559233714116
30 67 0.011070415292251234
31 67 0.20499610425043166
32 67 0.07908683997314082
33 67 0.17391818763989156
34 67 0.08806287108210935
35 67 0.19934620153866026
36 67 0.012420140487362475
37 67 0.2501738575103591
38 67 0.0655774044447618
39 67 0.20388770340412735
40 67 0.022351588565325587
41 67 0.008691279905486004
42 67 0.18741599592643923
43 67 0.14221440247765313
44 67 0.12325557218389797
45 67 0.22674477351829758
46 67 0.26079091142686345
47 67 0.06383074260071718
48 67 0.2535380208317409
49 67 0.2558102333743534
50 67 0.10538685797552765
51 67 0.04499913426551964
52 67 0.14677414063602737
53 67 0.17690934928115312
54 67 0.0686781897557847
55 67 0.29354459835738095
56 67 0.036220827946156574
57 67 0.972463779364475
58 67 0.143224935100043
59 67 0.0905838815106867
60 67 0.032384566614231954
61 67 0.049574930660569234
62 67 0.10324155056882342
63 67 0.11469189375220677
64 67 0.11456788629214709
65 67 0.03262565064435783
66 67 0.28642791119292793
0 68 0.1760142497427411
1 68 0.1320337323588113
2 68 0.2596135448144042
3 68 0.2644793986454298
4 68 0.02218102893519167
5 68 0.21979015800973023
6 68 0.060515658178601446
7 68 0.12946092355520564
8 68 0.2911625756420598
9 68 0.1475328996892841
10 68 0.2800782213491928
11 68 0.8478472725955695
12 68 0.10416595430430989
13 68 0.05028643345262066
14 68 0.12352340582661851
15 68 0.18151579035444101
16 68 0.11208256206788056
17 68 0.23182739692637191
18 68 0.1061172727856333
19 68 0.05168850257074061
20 68 0.14124273566158363
21 68 0.1584651058911678
22 68 0.22794995831608866
23 68 0.03510595112079668
24 68 0.8521879193716526
25 68 0.7090991592401824
26 68 0.20019200192663064
27 68 0.8212236732090531
28 68 0.13725480242946764
29 68 0.008024359555015103
30 68 0.0469460411836331
31 68 0.12891743154357013
32 68 0.0925336479163355
33 68 0.23041771373559605
34 68 0.23858821613512626
35 68 0.19007130186013385
36 68 0.047814996288557045
37 68 0.10880569047178819
38 68 0.29021575450297127
39 68 0.04439433050252948
40 68 0.2434849902594249
41 68 0.9582103558213515
42 68 0.1761729894370714
43 68 0.13234578857744514
44 68 0.11357193068186695
45 68 0.02389762285518091
46 68 0.22179211929914125
47 68 0.2523975816660438
48 68 0.7399029941852526
49 68 0.16201353965550425
50 68 0.22303762178200268
51 68 0.11230205983676418
52 68 0.037067907126550136
53 68 0.14968680955525757
54 68 0.16001789386820128
55 68 0.14375588973273443
56 68 0.11796181610264053
57 68 0.2550274788080148
58 68 0.2032914315643505
59 68 0.11962542253700437
60 68 0.14843748836047393
61 68 0.22681655659396557
62 68 0.28016585905863206
63 68 0.2787126870141844
64 68 0.11617070340092672
65 68 0.10894906959903841
66 68 0.2358196344410817
67 68 0.2984893278530004
0 69 0.14037106526456058
1 69 0.21686476167038618
2 69 0.10450701253552194
3 69 0.23256730133140666
4 69 0.26775898160148787
5 69 0.1561943093666406
6 69 0.2328477505826524
7 69 0.19901300384210419
8 69 0.07011176818472144
9 69 0.2702212800145217
10 69 0.10635050458126412
11 69 0.825047781840234
12 69 0.07985703095957725
13 69 0.22652340090349052
14 69 0.0052192542921682735
15 69 0.06413029381547768
16 69 0.22892877655656407
17 69 0.20071292013489822
18 69 0.16346515521367191
19 69 0.07894810852034725
20 69 0.08689959146221016
21 69 0.08986776915297165
22 69 0.2555623391746361
23 69 0.1894006890002339
24 69 0.8563527119056372
25 69 0.7350630079405458
26 69 0.028696176642132865
27 69 0.9223387352211249
28 69 0.054536426257797484
29 69 0.17263690662893044
30 69 0.003980657482458605
31 69 0.08658734956271807
32 69 0.16265884200809952
33 69 0.15478907969470349
34 69 0.2861826132255271
35 69 0.07275733429671893
36 69 0.1322809016961716
37 69 0.2078597567800354
38 69 0.25710211978971365
39 69 0.17468484562205175
40 69 0.2502554390297499
41 69 0.8984311393535851
42 69 0.25085376009267507
43 69 0.12760977332135956
44 69 0.1635942880701364
45 69 0.03656605402523609
46 69 0.19756188021577675
47 69 0.14317248663465085
48 69 0.7408744367217014
49 69 0.04320781489479832
50 69 0.07123360119182809
51 69 0.08194710047827641
52 69 0.06663168299866408
53 69 0.29086271726376317
54 69 0.008627306223096475
55 69 0.17055299033695623
56 69 0.2569732526571386
57 69 0.006621171430859185
58 69 0.019484036450741805
59 69 0.031400848112020284
60 69 0.0924950477246177
61 69 0.0910217328776552
62 69 0.1788422418470619
63 69 0.24070025627291775
64 69 0.28420936380725825
65 69 0.20936212573738683
66 69 0.2855176573599939
67 69 0.2136895314051521
68 69 0.8019710622513513
0 70 0.270596847222151
1 70 0.1869864366879367
2 70 0.09385078111595964
3 70 0.09868161170906746
4 70 0.013096266726082518
5 70 0.25121932083300763
6 70 0.07711062724708984
7 70 0.22460506708014236
8 70 0.20633631571947506
9 70 0.24158409508662157
10 70 0.07421205194092216
11 70 0.9410875245130361
12 70 0.2991776928823584
13 70 0.09400386322322289
14 70 0.07981747478919697
15 70 0.263302929710081
16 70 0.1998786423524803
17 70 0.0920839374505247
18 70 0.01957191925870867
19 70 0.1804993156276019
20 70 0.0761837241572698
21 70 0.2137070879021059
22 70 0.21078011097901586
23 70 0.22278087593933807
24 70 0.9126486960426518
25 70 0.9079888567898005
26 70 0.16309670494263903
27 70 0.7721909817362081
28 70 0.18024477713478768
29 70 0.0586424884776231
30 70 0.11788867785729715
31 70 0.16641284120768787
32 70 0.17123005310675787
33 70 0.14933213341096122
34 70 0.07560607404987434
35 70 0.15300043674537325
36 70 0.1676898160979755
37 70 0.12042462749436418
38 70 0.08965245976113023
39 70 0.2642664778593482
40 70 0.13843618345758826
41 70 0.7019129388559409
42 70 0.03681468937138061
43 70 0.015362570193091429
44 70 0.2811475173407769
45 70 0.1528541473486251
46 70 0.036548457271035624
47 70 0.23924104035475593
48 70 0.29020058158588524
49 70 0.19341905170831722
50 70 0.2989318067069889
51 70 0.29901617074608594
52 70 0.19816248606643475
53 70 0.034584929765668466
54 70 0.25271609318791294
55 70 0.21039314062630823
56 70 0.01366035065659925
57 70 0.07458225566785964
58 70 0.7967276855908397
59 70 0.2889975389155251
60 70 0.27334220817479143
61 70 0.23415512140413405
62 70 0.06360592534739416
63 70 0.1504274876543705
64 70 0.15518020973976834
65 70 0.07263989421226238
66 70 0.15411540091308118
67 70 0.005596561995788029
68 70 0.9178942544565608
69 70 0.7008261765840466
0 71 0.06113427309208593
1 71 0.15285529083138547
2 71 0.2883838435085142
3 71 0.19662421316629436
4 71 0.06687569410423089
5 71 0.25446255439289067
6 71 0.19808073456666317
7 71 0.25774029524254144
8 71 0.2213370219400366
9 71 0.19892778094769384
10 71 0.2590717038033465
11 71 0.8814676798097667
12 71 0.13642674619624875
13 71 0.01031120748387332
14 71 0.1714369392976833
15 71 0.09955976611824709
16 71 0.045097360633578144
17 71 0.012068609120257989
18 71 0.16622022210233298
19 71 0.29876620001267373
20 71 0.034073366327968056
21 71 0.24856468186241
22 71 0.06559426097567593
23 71 0.031206045902646348
24 71 0.2713261956187031
25 71 0.7382436973737376
26 71 0.14825492590562975
27 71 0.9464125122938393
28 71 0.26423519850336286
29 71 0.0034346995293730418
30 71 0.21439692971869423
31 71 0.11780324991141339
32 71 0.2973056153710155
33 71 0.005185279351409666
34 71 0.0988471007516981
35 71 0.1417957368170504
36 71 0.057697535852793455
37 71 0.15479941561111507
38 71 0.2622172641436641
39 71 0.015265219302993814
40 71 0.26739234035620574
41 71 0.7505596291328951
42 71 0.05969496245031842
43 71 0.13558366200468594
44 71 0.18769941185623826
45 71 0.23925965516504016
46 71 0.21526338148305224
47 71 0.2606382206719321
48 71 0.9073704821901837
49 71 0.037338671950961945
50 71 0.20764478241264134
51 71 0.05704942476283381
52 71 0.2108940519134007
53 71 0.25412875859968154
54 71 0.1353378476994619
55 71 0.05009277326510068
56 71 0.22292200422011416
57 71 0.018596722526180942
58 71 0.14510727164225748
59 71 0.12874025252944532
60 71 0.12365739133694709
61 71 0.21860265065161735
62 71 0.10265504364736903
63 71 0.20630026098924187
64 71 0.013031121732527394
65 71 0.13015185899838827
66 71 0.2658141952650414
67 71 0.11052894451746507
68 71 0.7561795647932217
69 71 0.9138907890002436
70 71 0.8067839515473227
0 72 0.18251311400561424
1 72 0.1976119606968474
2 72 0.2861423831266584
3 72 0.07843704690346824
4 72 0.02845705112625717
5 72 0.2312413822521085
6 72 0.2666464784921005
7 72 0.20858862344718546
8 72 0.12159002403190433
9 72 0.1268053638416167
10 72 0.2633383838464991
11 72 0.8819499915425313
12 72 0.2978597442475032
13 72 0.12161539451869594
14 72 0.15302836566120867
15 72 0.10394988554541773
16 72 0.12608755472622316
17 72 0.19181116598137007
18 72 0.15653131921826566
19 72 0.18270144974524588
20 72 0.09240319030533992
21 72 0.07705314155353668
22 72 0.058217036245815174
23 72 0.07957783204913677
24 72 0.007622511083621063
25 72 0.2225654291289305
26 72 0.7008223294641883
27 72 0.7323597544677816
28 72 0.06569656913650819
29 72 0.2558343497140652
30 72 0.03820128621080891
31 72 0.09595620783172538
32 72 0.07589096301165295
33 72 0.07779815778281306
34 72 0.23137076258544417
35 72 0.13991511791507405
36 72 0.1769190538457556
37 72 0.12602234593345626
38 72 0.2662459658362019
39 72 0.048005731676697506
40 72 0.0042594634114587636
41 72 0.10472998506958225
42 72 0.263160746965286
43 72 0.28560504504550815
44 72 0.058657984803762685
45 72 0.2615734114271336
46 72 0.16574597454513076
47 72 0.12906068821992936
48 72 0.189752379544524
49 72 0.11759128482604096
50 72 0.221156740901758
51 72 0.0644533728213056
52 72 0.2653565822545506
53 72 0.02911812428549304
54 72 0.29508776478587473
55 72 0.08782062632970579
56 72 0.15338525182079604
57 72 0.1498640325494778
58 72 0.0953419927001994
59 72 0.09467684366592756
60 72 0.26686524260478567
61 72 0.13669784957088213
62 72 0.1611564808341632
63 72 0.17964528751437012
64 72 0.2765506859244174
65 72 0.29895841865095185
66 72 0.10786222193892406
67 72 0.03194334740270227
68 72 0.12641342607430192
69 72 0.13762562246418952
70 72 0.02294547220551073
71 72 0.18702256869177486
0 73 0.29431824643776944
1 73 0.22718824019833359
2 73 0.2068347282970732
3 73 0.12950896118961663
4 73 0.2025317553790638
5 73 0.08270115969567404
6 73 0.02222200771606525
7 73 0.05539690402787343
8 73 0.18478610200091056
9 73 0.08160064021339043
10 73 0.08556428184258616
11 73 0.08965599587281922
12 73 0.2231956619703852
13 73 0.1648786124856845
14 73 0.12782874736239047
15 73 0.011329403341778654
16 73 0.1673434999225776
17 73 0.10224100170912565
18 73 0.1166368605323016
19 73 0.20382396667839928
20 73 0.01107842928516981
21 73 0.2041494102591614
22 73 0.05578650223130936
23 73 0.2025510127937635
24 73 0.2313965881996228
25 73 0.2639148563868674
26 73 0.0776201292587233
27 73 0.1924780175018102
28 73 0.13945562006409049
29 73 0.20208834452676303
30 73 0.11128330548094349
31 73 0.10396624814480984
32 73 0.25095351123965876
33 73 0.1459636125962648
34 73 0.2692821768785399
35 73 0.1275036560641413
36 73 0.2956765827177847
37 73 0.20071935331361396
38 73 0.0697286691318875
39 73 0.1335959578817262
40 73 0.28054867299325936
41 73 0.29303576504978296
42 73 0.13684342185803966
43 73 0.0819794972506527
44 73 0.12405648293030141
45 73 0.20027912375978416
46 73 0.0013067689870844724
47 73 0.2895762347150353
48 73 0.7492183197060531
49 73 0.25947559929566455
50 73 0.010666009106058505
51 73 0.288407934166515
52 73 0.2630466705219225
53 73 0.17341250950577938
54 73 0.18632867784232368
55 73 0.2733074932460527
56 73 0.16698315512718978
57 73 0.07540033313768113
58 73 0.2099790083655367
59 73 0.18386004706026834
60 73 0.1471625503822898
61 73 0.28483758438250517
62 73 0.2983311430572073
63 73 0.20789342337686498
64 73 0.08423827430702872
65 73 0.28401471459751604
66 73 0.27736226318492546
67 73 0.2189434588159333
68 73 0.28246817720915884
69 73 0.2903987018741618
70 73 0.2138255859994244
71 73 0.1250802140400586
72 73 0.2567268641386502
0 74 0.1813649149938857
1 74 0.12914197834994162
2 74 0.18807024434342376
3 74 0.21044877158530306
4 74 0.24404178028971857
5 74 0.11221632436935242
6 74 0.11405338169272364
7 74 0.13801969451589197
8 74 0.036686739543617904
9 74 0.09935272013164038
10 74 0.012755336635067182
11 74 0.05348300469030204
12 74 0.03353115690874201
13 74 0.2117875897733642
14 74 0.041299768378558484
15 74 0.29350816415154657
16 74 0.29901039461745366
17 74 0.09047861655145727
18 74 0.12343882996901899
19 74 0.22923693761386668
20 74 0.17977842893516824
21 74 0.12702262369450248
22 74 0.1242733364986005
23 74 0.2598627882245996
24 74 0.19973740467663886
25 74 0.19491268553166421
26 74 0.03624240848078035
27 74 0.019261717465532034
28 74 0.12003076939788426
29 74 0.13282202203664334
30 74 0.1879830215380604
31 74 0.1708796079992983
32 74 0.0602347946698616
33 74 0.1571064649878281
34 74 0.045079842414502844
35 74 0.15199833201929178
36 74 0.25611293884734915
37 74 0.11617573313219078
38 74 0.17050537678327618
39 74 0.022104139436194947
40 74 0.25205965390758467
41 74 0.04863355352158329
42 74 0.19671272187130664
43 74 0.04232084829240362
44 74 0.18583627577349812
45 74 0.13229514292326844
46 74 0.23980553157297843
47 74 0.2130357942750658
48 74 0.7964325996503157
49 74 0.06182994889872527
50 74 0.20606850929801815
51 74 0.04280535907516192
52 74 0.06976517105562394
53 74 0.01619503446488526
54 74 0.265324780467745
55 74 0.2661426075196862
56 74 0.08715797687581374
57 74 0.13640425304516368
58 74 0.18007007329094224
59 74 0.18499687781996232
60 74 0.24283852471201725
61 74 0.2588910871422138
62 74 0.19764749943649315
63 74 0.2336399029756297
64 74 0.28962589500583286
65 74 0.22963026539742815
66 74 0.1961836840941313
67 74 0.06968961455885678
68 74 0.019754469953901475
69 74 0.12556041800918546
70 74 0.08913293116743994
71 74 0.24885576063439097
72 74 0.2875788873984558
73 74 0.7241892656009505
0 75 0.11056116245242656
1 75 0.2668039142578957
2 75 0.24795755335435074
3 75 0.27832716895603987
4 75 0.14144838566751988
5 75 0.05212478975231359
6 75 0.24185146989894232
7 75 0.03224836906220276
8 75 0.1406818525271343
9 75 0.23568241125935394
10 75 0.09441596523782693
11 75 0.051843206690380346
12 75 0.19636654382617466
13 75 0.11685585202128104
14 75 0.19451397592553102
15 75 0.050193258265464065
16 75 0.12424833900371879
17 75 0.2676479148729213
18 75 0.16238329047042116
19 75 0.027495456664392803
20 75 0.09952311877150467
21 75 0.2576307535026284
22 75 0.2960420404147649
23 75 0.2944225368316445
24 75 0.0672467528052962
25 75 0.8321894722305189
26 75 0.16813087750202557
27 75 0.1809530838369682
28 75 0.02255182475219363
29 75 0.24429770614153407
30 75 1.5941488216586474e-05
31 75 0.19688181790331669
32 75 0.13689858213082104
33 75 0.19923963997252997
34 75 0.18923983544346787
35 75 0.15246211474965984
36 75 0.16623683515762278
37 75 0.13627786798321523
38 75 0.1320574483769674
39 75 0.10144273233487547
40 75 0.07474314996008687
41 75 0.9556529757870094
42 75 0.195822400135749
43 75 0.2944733824942297
44 75 0.2914214041118752
45 75 0.041656871975168853
46 75 0.053665172651770066
47 75 0.19055351212516328
48 75 0.7494300595793425
49 75 0.06709681693910437
50 75 0.03630344239447577
51 75 0.009662370856307079
52 75 0.2892386002642368
53 75 0.1545257164133473
54 75 0.14284161551929442
55 75 0.10427606869101329
56 75 0.06140865456496288
57 75 0.07134469625934643
58 75 0.010532803602122665
59 75 0.161498605076932
60 75 0.09206641558463442
61 75 0.18382610686615053
62 75 0.2164823325820787
63 75 0.09029860828571266
64 75 0.15141805442748005
65 75 0.22201518745967447
66 75 0.07214822136504269
67 75 0.01444465480288991
68 75 0.7780914327732592
69 75 0.8456588501905928
70 75 0.8894894797018641
71 75 0.813470287735427
72 75 0.18733283257387157
73 75 0.05574941213532195
74 75 0.07203771003401202
