77
0 1 0.9958625559853156
0 2 0.9736851126647884
1 2 0.032198458570104144
0 3 0.9918450340479483
1 3 0.023134712107293388
2 3 0.969358449387081
0 4 0.9529575634917574
1 4 0.0022709224387385367
2 4 0.04331161899353603
3 4 0.04887153490820377
0 5 0.9578534742395931
1 5 0.012358601480248801
2 5 0.03759352469831977
3 5 0.013196921736958713
4 5 0.0049316215486073615
0 6 0.9819542590973337
1 6 0.013990828422210973
2 6 0.020999666172950477
3 6 0.04436360932402558
4 6 0.01781079171474277
5 6 0.008506816075847122
0 7 0.9647396279761058
1 7 0.022019302407410762
2 7 0.011355251025549521
3 7 0.025077796843625655
4 7 0.0313369633062641
5 7 0.016163956628726595
6 7 0.007018795329710913
0 8 0.9506290581710326
1 8 0.026910898006278466
2 8 0.03902514936602772
3 8 0.006118046046850632
4 8 0.000583985536993925
5 8 0.04217262103477303
6 8 0.030311284552110296
7 8 0.020217785066191974
0 9 0.9934857020671962
1 9 0.021896615721179465
2 9 0.02014971118204715
3 9 0.03287219199534822
4 9 0.011226042987893772
5 9 0.04293589906443674
6 9 0.028116123703962114
7 9 0.03896200669204519
8 9 0.027741384567429844
0 10 0.008601006798558018
1 10 0.037115405073641444
2 10 0.04302158148269461
3 10 0.023146866969904024
4 10 0.0041881569697921105
5 10 0.00642068131318455
6 10 0.008606688343689259
7 10 0.004106310945412661
8 10 0.030369046336231845
9 10 0.046928133898555414
0 11 0.9655616797904408
1 11 0.04682800845332047
2 11 0.967950179618876
3 11 0.9558260825108419
4 11 0.004768164041687638
5 11 0.010277353656388979
6 11 0.004857819063391571
7 11 0.035733511846863464
8 11 0.004199557981999912
9 11 0.023479267744468253
10 11 0.9541912215974935
0 12 0.005234395664626372
1 12 0.048561835464583224
2 12 0.019164182756920944
3 12 0.019795993945928854
4 12 0.04252244401969953
5 12 0.019334173109336657
6 12 0.011804266281671697
7 12 0.02334505469613372
8 12 0.0016737239478373518
9 12 0.023197496713240756
10 12 0.0037124076817165556
11 12 0.9592406833192684
0 13 0.02359372534744012
1 13 0.043096037441438785
2 13 0.005728251115920839
3 13 0.0278195232003615
4 13 0.0331659661779488
5 13 0.01673727564283203
6 13 0.03695672690178083
7 13 0.012418238599039209
8 13 0.04018998663031899
9 13 0.03227318047343998
10 13 0.009423366159481665
11 13 0.9913185620112469
12 13 0.01774416681190274
0 14 0.005643285779934941
1 14 0.017880487477921148
2 14 0.04355890969484665
3 14 0.0340254547402415
4 14 0.03687878030692826
5 14 0.041029326607310075
6 14 0.03139162286752779
7 14 0.01077992323924282
8 14 0.04967448768666397
9 14 0.03098532189378787
10 14 0.008971569791513626
11 14 0.9988143636300947
12 14 0.021079606780988542
13 14 0.04191330677159932
0 15 0.0031310050053095
1 15 0.0458515171394744
2 15 0.03834324051528984
3 15 0.04017588257630654
4 15 0.00035507552611981346
5 15 0.03338287334497662
6 15 0.03412551831776763
7 15 0.027506110653218622
8 15 0.010343578802524081
9 15 0.010587361813286025
10 15 0.0076144290364871005
11 15 0.961320279886676
12 15 0.03401834181445122
13 15 0.046426818202545926
14 15 0.0339069502274782
0 16 0.020490502181572334
1 16 0.03732972794030968
2 16 0.0026144478367967454
3 16 0.0062684692680739324
4 16 0.01995161949343498
5 16 0.021238440367368216
6 16 0.0063965406898858585
7 16 0.04201808241478471
8 16 0.027051715231206957
9 16 0.03762971645823274
10 16 0.010080852737989707
11 16 0.03146065409614222
12 16 0.03260821528328998
13 16 0.0034637765337362397
14 16 0.030372042082158945
15 16 0.028604354091197493
0 17 0.026009117731408227
1 17 0.01855370037462675
2 17 0.03397374219006669
3 17 0.045491349403390245
4 17 0.03027810722196244
5 17 0.03413559018390542
6 17 0.0003805447518484494
7 17 0.021910973695539182
8 17 0.042474208718638634
9 17 0.0032079216109796352
10 17 0.04712906368901511
11 17 0.011153689746140892
12 17 0.04010556421741988
13 17 0.023426389829337386
14 17 0.0001901728567381244
15 17 0.03901164493722109
16 17 0.9724267233566417
0 18 0.0187135188674524
1 18 0.029979344132217128
2 18 0.02805197548127659
3 18 0.046637713964708095
4 18 0.04797405274686155
5 18 0.012874726827416619
6 18 0.013686136978374116
7 18 0.001727896227155695
8 18 0.016894325367185496
9 18 0.03676106157420208
10 18 0.013619791917490895
11 18 0.009738822907848641
12 18 9.270875212966098e-05
13 18 0.02838949641744985
14 18 0.01052826698719169
15 18 0.00632907005114675
16 18 0.977795226422355
17 18 0.9783291888755089
0 19 0.009836778546781826
1 19 0.04158252075209578
2 19 0.035552661131056956
3 19 0.006201936832527276
4 19 0.0404013927527341
5 19 0.014550538927301168
6 19 0.00187144455515954
7 19 0.047721251682928345
8 19 0.039234090675623834
9 19 0.010769865050309
10 19 0.041118407040967045
11 19 0.035102656328867526
12 19 0.03564429730558727
13 19 0.04078813244309273
14 19 0.030508223380612414
15 19 0.045947095030263056
16 19 0.986139206606097
17 19 0.9513698547289074
18 19 0.9758171663821229
0 20 0.04137800610837973
1 20 0.0006758067080103956
2 20 0.005889344099643788
3 20 0.035360174291601265
4 20 0.042445958850249536
5 20 0.03229935269721062
6 20 0.037797933120043585
7 20 0.04603800687877816
8 20 0.011445645488954173
9 20 0.00509056528740625
10 20 0.022671551779604865
11 20 0.0484802455977265
12 20 0.017038082065839767
13 20 0.010737229163362741
14 20 0.04314661258117123
15 20 0.00047035179964656217
16 20 0.9767565591331123
17 20 0.990060052989787
18 20 0.9591194765459358
19 20 0.9927123916504191
0 21 0.00864284859624772
1 21 0.013093858082007146
2 21 0.02942098294505834
3 21 0.0013424561541621968
4 21 0.008857041125242507
5 21 0.008753803814288023
6 21 0.030524034695875727
7 21 0.048621542117641955
8 21 0.03710295607356044
9 21 0.04682292353668712
10 21 0.01099008049385626
11 21 0.004511502586156672
12 21 0.020896006255138967
13 21 0.028083254618773933
14 21 0.033223833220711624
15 21 0.030043122588968862
16 21 0.9632914138150848
17 21 0.9505394982069155
18 21 0.959595710872541
19 21 0.9872172695342343
20 21 0.9927335474877417
0 22 0.028786764371560962
1 22 0.0017354333060478396
2 22 0.0400434234110635
3 22 0.02284461653949494
4 22 0.03595035766752048
5 22 0.036932496659005644
6 22 0.02266576011590296
7 22 0.026366072081437198
8 22 0.02301640641526409
9 22 0.0445051355846035
10 22 0.023823509614870515
11 22 0.008501918271573325
12 22 0.046068448302059604
13 22 0.02038879226148308
14 22 0.02990770441546373
15 22 0.0184298817880112
16 22 0.9595836232518228
17 22 0.9760939859299924
18 22 0.9628409352316608
19 22 0.9941252088547275
20 22 0.9527775635741821
21 22 0.9637702552362184
0 23 0.02398811194600639
1 23 0.03514056339420421
2 23 0.038233651234893896
3 23 0.04310784816347655
4 23 0.0457409135409336
5 23 0.023397090225220168
6 23 0.009285556013122096
7 23 0.01199999369393059
8 23 0.006855512199811946
9 23 0.0022936422638841765
10 23 0.0063615961708955214
11 23 0.9504230423137529
12 23 0.9649568526824643
13 23 0.004995479913915534
14 23 0.003416368806117919
15 23 0.03966461017579548
16 23 0.9589761835602669
17 23 0.9851626555837139
18 23 0.9621818834439669
19 23 0.9636558738845054
20 23 0.983321287858647
21 23 0.953589534103698
22 23 0.980477207587237
0 24 0.04468148874635308
1 24 0.04865907400081545
2 24 0.01818990136382482
3 24 0.009972885868596168
4 24 0.038392462549158284
5 24 0.002812661269670213
6 24 0.0012617147050928753
7 24 0.047596748026944205
8 24 0.04714733028633701
9 24 0.012220881858397101
10 24 0.039495377621275446
11 24 0.9967652609358529
12 24 0.034180681796810525
13 24 0.03998545975810566
14 24 0.02227985133478872
15 24 0.04183023328893566
16 24 0.025275480079482708
17 24 0.02665083642558963
18 24 0.014882009650654912
19 24 0.04767843591850705
20 24 0.04649901758984796
21 24 0.0029164556327675555
22 24 0.04658200677600447
23 24 0.9570932912002055
0 25 0.03897310809692919
1 25 0.045311092157008355
2 25 0.004177667144112323
3 25 0.04036664127990659
4 25 0.031353640701821305
5 25 0.007712019659404516
6 25 0.018099165522238517
7 25 0.036802956969547856
8 25 0.026188484601653954
9 25 0.0022760056814482062
10 25 0.04062252093443589
11 25 0.9880744723107872
12 25 0.02599542983015977
13 25 0.01135591961069307
14 25 0.03350736293231467
15 25 0.019330416677454748
16 25 0.002376193763575018
17 25 0.006438970914352031
18 25 0.040292166085285686
19 25 0.04938828674855124
20 25 0.012838869002556022
21 25 0.03824271359734305
22 25 0.025850865223025227
23 25 0.9670874266516436
24 25 0.9514806598055702
0 26 0.029168197701038883
1 26 0.006077098746634956
2 26 0.03397554348118278
3 26 0.04815037340118454
4 26 0.0063620656586569
5 26 0.04256023398825852
6 26 0.039699990468523655
7 26 0.015887222645444888
8 26 0.029532045481233993
9 26 0.027190613706863796
10 26 0.04278849758295505
11 26 0.9931872407444784
12 26 0.001118230485568694
13 26 0.025583605994069936
14 26 0.003250170396102225
15 26 0.006475005123066922
16 26 0.9512292350306044
17 26 0.04156241199800013
18 26 0.03409270889841607
19 26 0.02398837382774154
20 26 0.03263613191618204
21 26 0.025614599150828404
22 26 0.039758065495183334
23 26 0.023979788157297406
24 26 0.9813777611083332
25 26 0.9982179067475622
0 27 0.02246636890871261
1 27 0.012620016417336986
2 27 0.03482490774107354
3 27 0.029891599180628628
4 27 0.0396114342306554
5 27 0.0008989698279513956
6 27 0.0020391074040208897
7 27 0.029508445853213595
8 27 0.04724685060658768
9 27 0.025339583419308774
10 27 0.046762953164025636
11 27 0.9798608201622343
12 27 0.02446486888398548
13 27 0.034492929818101696
14 27 0.03478847581998869
15 27 0.02765768215413591
16 27 0.012248858792930408
17 27 0.024699302560227267
18 27 0.006683872883344003
19 27 0.04581547883667917
20 27 0.03780760608862882
21 27 0.021017854084180682
22 27 0.019523613009992027
23 27 0.972803552591225
24 27 0.9595698911229865
25 27 0.9688188674815998
26 27 0.9833087541820105
0 28 0.0351596777843802
1 28 0.0388520015573998
2 28 0.015036398155452482
3 28 0.0005838676172497447
4 28 0.016327454405784477
5 28 0.021963313520758528
6 28 0.026413650625464753
7 28 0.04294878962087858
8 28 0.037363270163570814
9 28 0.006945555765387732
10 28 0.04174919981468699
11 28 0.970895335091323
12 28 0.0068530285839115395
13 28 0.0023048135052905587
14 28 0.006819480013826949
15 28 0.04868467315656135
16 28 0.04128930236821368
17 28 0.009710481720241746
18 28 0.0053863491251246445
19 28 0.04530051163747411
20 28 0.008275865756963938
21 28 0.049344594435790826
22 28 0.030914576365805472
23 28 0.01565450495723851
24 28 0.00643576269451183
25 28 0.03358749014426273
26 28 0.012517513567683805
27 28 0.9746608652198658
0 29 0.0014937097518221028
1 29 0.009177002482359739
2 29 0.027335810681485273
3 29 0.026399190940201732
4 29 0.03789746750282835
5 29 0.01757867410585037
6 29 0.025177066334680705
7 29 0.014036779006745428
8 29 0.01035031068852543
9 29 0.01492952843509074
10 29 0.03580943698422243
11 29 0.9810327197918604
12 29 0.04785489943130461
13 29 0.016354245537039448
14 29 0.04290212438088629
15 29 0.014608900123587867
16 29 0.0003976869339375021
17 29 0.0030092344690534614
18 29 0.0224374414625243
19 29 0.04798328701463761
20 29 0.0415007904752428
21 29 0.03616992324960799
22 29 0.030891905309894805
23 29 0.9904998380721237
24 29 0.03721377980969985
25 29 0.030824099272454258
26 29 0.043210433239120015
27 29 0.9730388043648099
28 29 0.03605048453371726
0 30 0.025694901329854043
1 30 0.003171748866340734
2 30 0.027461171662550358
3 30 0.00538113329851637
4 30 0.04888877574396884
5 30 0.01355574241063763
6 30 0.025442654496207657
7 30 0.047470190819503225
8 30 0.016890406991203224
9 30 0.01761828237203374
10 30 0.04646879685924299
11 30 0.04179356892755232
12 30 0.023602065658617572
13 30 0.02831625780609434
14 30 0.028348294745501195
15 30 0.01868219228655299
16 30 0.049281762541254895
17 30 0.011666515363201678
18 30 0.018634811088854994
19 30 0.04638531658300428
20 30 0.03480199843035519
21 30 0.029391448747618364
22 30 0.03834134605109016
23 30 0.9855916836267167
24 30 0.03512822420310205
25 30 0.03708865493467574
26 30 0.003303007753094094
27 30 0.041949599185533266
28 30 0.011109307488406819
29 30 0.04900679759943803
0 31 0.03265175613085981
1 31 0.015926312117450433
2 31 0.049590473574287544
3 31 0.010205999308274085
4 31 0.018522312454543683
5 31 0.02291271867305873
6 31 0.002876213786484588
7 31 0.009551595214696043
8 31 0.014171527885091198
9 31 0.02595504855115206
10 31 0.026556793751358027
11 31 0.9980176816369175
12 31 0.02588998510233389
13 31 0.04714671090705756
14 31 0.020372401627734887
15 31 0.04441904874125481
16 31 0.016900284844934596
17 31 0.031043695951538528
18 31 0.008441107694321846
19 31 0.00958750188711425
20 31 0.016893857853463503
21 31 0.008893292603032203
22 31 0.04356640085223328
23 31 0.952523074125786
24 31 0.02641450848437546
25 31 0.0008557512385719222
26 31 0.016507933423023615
27 31 0.9621783271424986
28 31 0.024487687854044666
29 31 0.03667292547019296
30 31 0.9696704480070862
0 32 0.03555975668725609
1 32 0.026556934390101428
2 32 0.024596192661593564
3 32 0.04038234866353617
4 32 0.033720955911411395
5 32 0.018404581388426322
6 32 0.02266014402203804
7 32 0.03811799230146442
8 32 0.03570472558384703
9 32 0.0027273617770685425
10 32 0.0208694343308649
11 32 0.9751727240325903
12 32 0.043861700043375744
13 32 0.029700846120582207
14 32 0.02473814994897166
15 32 0.025370255296099292
16 32 0.007731141588986549
17 32 0.03874774483457297
18 32 0.022311614124685287
19 32 0.031804152523507455
20 32 0.044411862718871244
21 32 0.025702642333217878
22 32 0.03167446083810599
23 32 0.04622313294957008
24 32 0.014463864160543896
25 32 0.012856580819345745
26 32 0.017362732322285548
27 32 0.008348928132748483
28 32 0.023583093029255715
29 32 0.023495702942372805
30 32 0.03946165752803693
31 32 0.01845302566598064
0 33 0.036602960867554594
1 33 0.0009005463282752811
2 33 0.023361506441111686
3 33 0.015752552366775877
4 33 0.015312574958861583
5 33 0.029590751126749026
6 33 0.02752186559696271
7 33 0.014725070105623003
8 33 0.03285837920819277
9 33 0.04163972658381528
10 33 0.045626784098383714
11 33 0.957716627648883
12 33 0.028411813299731598
13 33 0.028647425712296604
14 33 0.029130462448388048
15 33 0.013555138639979461
16 33 0.03352071502333249
17 33 0.030708075366769713
18 33 0.02322569239080954
19 33 0.012951960645818253
20 33 0.04781534378019547
21 33 0.0054923284674252325
22 33 0.04408944146233264
23 33 0.018000940582682864
24 33 0.037228940960641756
25 33 0.0496541357467888
26 33 0.009067622895205976
27 33 0.9991574310120903
28 33 0.016795830004451704
29 33 0.009286827792163286
30 33 0.035672854514860436
31 33 0.029009712562334
32 33 0.00889187766810535
0 34 0.028369113428020582
1 34 0.044608442640333194
2 34 0.049088662323805675
3 34 0.048261987101929596
4 34 0.0041178525544854115
5 34 0.0052274403797568855
6 34 0.03822753297005618
7 34 0.0465327173140908
8 34 0.04105000461758085
9 34 0.01177984934056853
10 34 0.021298392366963678
11 34 0.9951222373934486
12 34 0.010119683063628869
13 34 0.026176255745134058
14 34 0.03472199670824999
15 34 0.04238532062091419
16 34 0.04183969699616841
17 34 0.023488766722874328
18 34 0.030071500410574135
19 34 0.0002081957002038836
20 34 0.001727496663448746
21 34 0.013114562029487988
22 34 0.028267065603164155
23 34 0.01972973971730621
24 34 0.04110677314187995
25 34 0.011192235095054334
26 34 0.04344780246538898
27 34 0.013528752375158506
28 34 0.004066872079680333
29 34 0.9651649469776146
30 34 0.008501214991614952
31 34 0.012750982170248434
32 34 0.026178612667086865
33 34 0.040169313255897066
0 35 0.029172229231096684
1 35 0.045719013780820814
2 35 0.04846005425877285
3 35 0.006216017622983021
4 35 0.0075883077746307466
5 35 0.04520812662637105
6 35 0.025741573286176794
7 35 0.02505672536024659
8 35 0.021411984997658597
9 35 0.044259755603584985
10 35 0.036708318829092736
11 35 0.9901334777852216
12 35 0.01574950773173572
13 35 0.03467622332901522
14 35 0.03443947426544613
15 35 0.0198276468540472
16 35 0.008834868341698401
17 35 0.03478568909916286
18 35 0.013351510751449327
19 35 0.032875451329544544
20 35 0.02314207338640682
21 35 0.011944834274547724
22 35 0.003014004919789525
23 35 0.024649391831239837
24 35 0.01741581404065054
25 35 0.04235234663313394
26 35 0.044263091422787636
27 35 0.020825000026621493
28 35 0.04236653416985535
29 35 0.9594275334446458
30 35 0.034112716233537704
31 35 0.0069716211174333615
32 35 0.0009547747184598108
33 35 0.04694780942737275
34 35 0.9774028704672699
0 36 0.02833156144944173
1 36 0.04937236568628221
2 36 0.03899147444494867
3 36 0.02306434236969616
4 36 0.0025490598029842652
5 36 0.012945617159656411
6 36 0.0018535917150046262
7 36 0.021727158446404538
8 36 0.00872913574361897
9 36 0.026870779486571343
10 36 0.03818877304109331
11 36 0.9664398356742051
12 36 0.017989408004573937
13 36 0.02441372234433713
14 36 0.032342363661600586
15 36 0.044964857420804805
16 36 0.04945496713134267
17 36 0.04939164055458982
18 36 0.03604964337527409
19 36 0.0009628845231471004
20 36 0.015783079849485158
21 36 0.04468128782063576
22 36 0.015004343567696962
23 36 0.03409363399330034
24 36 0.0022595337560601943
25 36 0.03260783134006601
26 36 0.027038909157329902
27 36 0.0035637080018191985
28 36 0.02211879064340205
29 36 0.9953773249572604
30 36 0.025835092908014695
31 36 0.030721617018195795
32 36 0.03342287734770589
33 36 0.001491629876697231
34 36 0.9795248527092568
35 36 0.9943331017238196
0 37 0.031756570762495
1 37 0.018974932417985774
2 37 0.03864155008434375
3 37 0.043912172256853496
4 37 0.04211268142556813
5 37 0.021396179172246812
6 37 0.0452088953553992
7 37 0.02992294668201019
8 37 0.038443665606418924
9 37 0.015538293454655669
10 37 0.011512220010722432
11 37 0.9918537884151597
12 37 0.004479367732581528
13 37 0.032070529363954145
14 37 0.04394495309755216
15 37 0.03392900355096139
16 37 0.04559349703010897
17 37 0.03407161751736072
18 37 0.030343683007944565
19 37 0.012197629549403585
20 37 0.040710701534222196
21 37 0.019927045818174713
22 37 0.026624565551079376
23 37 0.03942421682488706
24 37 0.00039276841223204173
25 37 0.008370942591765339
26 37 0.03350323807059525
27 37 0.026514633775766877
28 37 0.024625368850826595
29 37 0.9984358517957308
30 37 0.0473064964219524
31 37 0.03189848645325609
32 37 0.048217226074996136
33 37 0.04860203015777383
34 37 0.9960137848440396
35 37 0.987411091553523
36 37 0.9526867040840352
0 38 0.001689560441981602
1 38 0.01568338976269907
2 38 0.025949243645006604
3 38 0.021270516707381004
4 38 0.03500943588849976
5 38 0.021191967196224456
6 38 0.02111494853363583
7 38 0.016526336324587068
8 38 0.004468795851328537
9 38 0.029684941382148538
10 38 0.03253251743828962
11 38 0.9559614646100298
12 38 0.020037272974303712
13 38 0.04078857163138181
14 38 0.0197905368876875
15 38 0.034235642744063474
16 38 0.0010036592183371605
17 38 0.012225653355929386
18 38 0.027601810138315745
19 38 0.008757693140085874
20 38 0.04038219156173618
21 38 0.02832175497372405
22 38 0.02797391127864216
23 38 0.042910872392512144
24 38 0.044457132639318046
25 38 0.005067758166222479
26 38 0.016668280297520557
27 38 0.019094794402755185
28 38 0.04613276842675878
29 38 0.9968206121192267
30 38 0.042223728942975346
31 38 0.029342734039991974
32 38 0.00804395717207309
33 38 0.04387194639535358
34 38 0.9756413630888474
35 38 0.9726695275738755
36 38 0.9632815498661141
37 38 0.958526006920032
0 39 0.03949727902546828
1 39 0.03574712632217065
2 39 0.01317402316475352
3 39 0.005365921967450004
4 39 0.03612532570037075
5 39 0.04023198213697425
6 39 0.04807149828523311
7 39 0.02889246057404982
8 39 0.012579126185204122
9 39 0.012366648332966532
10 39 0.023217991773339813
11 39 0.03731547442915753
12 39 0.021529396161827807
13 39 0.02963280627312635
14 39 0.017894795064287573
15 39 0.012545093573180685
16 39 0.035838029683380894
17 39 0.0011069995718235469
18 39 0.0036531717689436242
19 39 0.04987697808725578
20 39 0.04136667600081686
21 39 0.04705431515183335
22 39 0.00974167754897484
23 39 0.02834614580281118
24 39 0.04390742321059787
25 39 0.9776403403894735
26 39 0.03487727531217141
27 39 0.047536589560426584
28 39 0.04297268379911439
29 39 0.025658288915483364
30 39 0.020112945466819535
31 39 0.048611831490604815
32 39 0.02348473862862586
33 39 0.011433187598182657
34 39 0.011223736041001518
35 39 0.0323094345996746
36 39 0.015786713583502438
37 39 0.03891054976184655
38 39 0.047184623915010576
0 40 0.0496875925087336
1 40 0.045685900698738124
2 40 0.011134063235013423
3 40 0.006606743843241685
4 40 0.03454428702552464
5 40 0.024614310667971113
6 40 0.04032114318954941
7 40 0.001178096311647908
8 40 0.022621507274652387
9 40 0.037424669139084966
10 40 0.022142186007706545
11 40 0.04487497981280602
12 40 0.020371557433099954
13 40 0.04085860783298887
14 40 0.038068065869595574
15 40 0.04409333924907779
16 40 0.004243176297925421
17 40 0.01702351481445314
18 40 0.003455403830761932
19 40 0.021769197096415723
20 40 0.0002610640218243809
21 40 0.01083211862216519
22 40 0.01529599270619629
23 40 0.006917319323938257
24 40 0.03990042926071125
25 40 0.9649164710449097
26 40 0.027174309983190998
27 40 0.03851883356708082
28 40 0.02642558340938202
29 40 0.009642369089281087
30 40 0.013973669338321839
31 40 0.009244299622719124
32 40 0.006185624143622502
33 40 0.017220397164015223
34 40 0.0004954791476061315
35 40 0.03177147502002402
36 40 0.03410205802910354
37 40 0.038372713502601144
38 40 0.030609947784659034
39 40 0.04824476884637861
0 41 0.0021790268157696573
1 41 0.032904345909463596
2 41 0.005688640926659626
3 41 0.00639545321829184
4 41 0.03446069823999539
5 41 0.01014212499759553
6 41 0.0430398096249297
7 41 0.010539512471893534
8 41 0.005197995677926536
9 41 0.014325117637758707
10 41 0.010731252266304933
11 41 0.021775630231637557
12 41 0.006022282147937812
13 41 0.01634705521577335
14 41 0.04593891190435161
15 41 0.021577316003524635
16 41 0.019886225276871585
17 41 0.03588588302444541
18 41 0.03558562931048921
19 41 0.001739280474597837
20 41 0.0375507107729604
21 41 0.017970879226402954
22 41 0.029448021054228408
23 41 0.03130902398577187
24 41 0.9502422583564041
25 41 0.951341914486232
26 41 0.020519450157826937
27 41 0.029094126664996594
28 41 0.04713001486572625
29 41 0.01656396223543822
30 41 0.015664751574202065
31 41 0.04314971264171113
32 41 0.024234790598926626
33 41 0.03834613672560171
34 41 0.015478433404675147
35 41 0.002378987029185086
36 41 0.01048881926693164
37 41 0.032514993464737026
38 41 0.037526661756545406
39 41 0.00949465657899147
40 41 0.020894725048487345
0 42 0.013888719233249039
1 42 0.01664679975723059
2 42 0.03906049462773118
3 42 0.0033825160552793045
4 42 0.04166405260404179
5 42 0.03423838119279099
6 42 0.003455060210735638
7 42 0.030851369393187403
8 42 0.03259364397111789
9 42 0.03374229125190014
10 42 0.04963945745151584
11 42 0.032640371149229644
12 42 0.04423020447009284
13 42 0.023205633016777368
14 42 0.0013736679870541
15 42 0.008407011713505328
16 42 0.0017886412595300102
17 42 0.02364952038364463
18 42 0.04976941606696943
19 42 0.017097017173866875
20 42 0.030109777046794583
21 42 0.027651803145473657
22 42 0.04130539212909637
23 42 0.030296590852593046
24 42 0.9690092908066713
25 42 0.9886912800408166
26 42 0.023778679110815597
27 42 0.013441693982035182
28 42 0.023762714504154025
29 42 0.015084793139469657
30 42 0.004730981423771973
31 42 0.026924363338671046
32 42 0.047833778850460903
33 42 0.04348998403693138
34 42 0.039528715297342
35 42 0.027731815214593353
36 42 0.0311644167481588
37 42 0.029719360988299724
38 42 0.019679799881929274
39 42 0.025869963604403756
40 42 0.014185521800424036
41 42 0.958386376017809
0 43 0.04067995814834367
1 43 0.024379582202847538
2 43 0.037201618779804636
3 43 0.02622794459942107
4 43 0.03395041345965133
5 43 0.000676162475875086
6 43 0.016387846682049508
7 43 0.038541636665479315
8 43 0.021731163446606267
9 43 0.006835986340418319
10 43 0.04090477236279804
11 43 0.979039808613422
12 43 0.04306476594943842
13 43 0.012916812735137086
14 43 0.013333718150488292
15 43 0.013562773139172321
16 43 0.03774894076469323
17 43 0.03402953111593468
18 43 0.01332329634987425
19 43 0.019172599982474017
20 43 0.021827543575911535
21 43 0.018932380133698603
22 43 0.0437116250243099
23 43 0.020335051314415136
24 43 0.018268555327621883
25 43 0.025202138084276272
26 43 0.984618270987893
27 43 0.9846948035639445
28 43 0.04572011559000901
29 43 0.001768141788368604
30 43 0.027442691349869767
31 43 0.029675984079280775
32 43 0.01822078891803426
33 43 0.022703062194038764
34 43 0.04246974388374913
35 43 0.041620287116701425
36 43 0.002790233772710165
37 43 0.012878064774729173
38 43 0.006828274776559338
39 43 0.02978070936779969
40 43 0.00840098289639925
41 43 0.021969840628649363
42 43 0.005845185406608055
0 44 0.03712414371788279
1 44 0.02062974769966123
2 44 0.005493008814871818
3 44 0.008119146732701803
4 44 0.0014260220890542792
5 44 0.016668255871740097
6 44 0.0036294864166492237
7 44 0.010702231329439857
8 44 0.0011192649368756355
9 44 0.038997814333860396
10 44 0.034563520577767265
11 44 0.997787126969725
12 44 0.03354053853452027
13 44 0.04367004689367133
14 44 0.00798777562497511
15 44 0.020417242270708846
16 44 0.03682194756673679
17 44 0.010013833051616275
18 44 0.031027153171252528
19 44 0.008918830070464082
20 44 0.01838384964118689
21 44 0.010165124043685973
22 44 0.005356860286287223
23 44 0.0489469649858615
24 44 0.04195720930518389
25 44 0.04851166767632028
26 44 0.023737177192698522
27 44 0.006982391152484367
28 44 0.9504051049146794
29 44 0.01392537070142685
30 44 0.036572366261222095
31 44 0.03928163736293636
32 44 0.008202430745305281
33 44 0.018318592393231227
34 44 0.004621275878574165
35 44 0.026531619575986754
36 44 0.044917025760721624
37 44 0.04428168826062819
38 44 0.0023566916867472417
39 44 0.0017808746207424338
40 44 0.018179798533083092
41 44 0.030500190792040124
42 44 0.029121993430904207
43 44 0.04083182569485878
0 45 0.01092776411575296
1 45 0.03731015110539936
2 45 0.047014757654114434
3 45 0.002195229010059063
4 45 0.030864214795784425
5 45 0.018416592465377437
6 45 0.0016740028027875105
7 45 0.03847773320704115
8 45 0.001280577701428903
9 45 0.009054772658784564
10 45 0.018607472827494632
11 45 0.03875665016330174
12 45 0.02131245572723821
13 45 0.03440658869375231
14 45 0.04193440919786407
15 45 0.01669350441107826
16 45 0.01951169535041198
17 45 0.003973427871340861
18 45 0.018796445325498
19 45 0.0012049110532966643
20 45 0.012051177092874524
21 45 0.029162880885745025
22 45 0.003768744687318342
23 45 0.005959393096271958
24 45 0.022829722044865053
25 45 0.02868751793967178
26 45 0.04998450081614471
27 45 0.029719890995771478
28 45 0.9576845772032598
29 45 0.0038729637419835697
30 45 0.03205679728224279
31 45 0.03281312934363034
32 45 0.016689745351314185
33 45 0.028218788117727826
34 45 0.027636156387222027
35 45 0.03713256466093745
36 45 0.011681172851273545
37 45 0.045983281344022395
38 45 0.015053066061553435
39 45 0.047856372423085644
40 45 0.005084586916176153
41 45 0.014383024950321207
42 45 0.01415786196238716
43 45 0.04365963253575233
44 45 0.008332984202330578
0 46 0.0013751239353327446
1 46 0.010925983030459772
2 46 0.0012818131484459425
3 46 0.04497205292730722
4 46 0.022202508352641905
5 46 0.01487946843704427
6 46 0.0018323713191667642
7 46 0.03608109641207405
8 46 0.0028720025717131276
9 46 0.03478253060352604
10 46 0.035845011826031954
11 46 0.03271899336516533
12 46 0.0488262027328643
13 46 0.022842147999600066
14 46 0.041454812856637276
15 46 0.044213966533120604
16 46 0.009613822701718237
17 46 0.027196789186880777
18 46 0.009284694800707153
19 46 0.030060415517480104
20 46 0.03760528928799391
21 46 0.001486381472244069
22 46 0.012553566635597448
23 46 0.04855045748898856
24 46 0.030677164234635266
25 46 0.042220273661762474
26 46 0.03877202187241643
27 46 0.0009449088153694882
28 46 0.020156090135741645
29 46 0.028870050136648038
30 46 0.008465341858767149
31 46 0.01341823167792763
32 46 0.03644356830135656
33 46 0.008142595245625142
34 46 0.027188616405461018
35 46 0.01147831767207246
36 46 0.011706081329842502
37 46 0.0430939659018333
38 46 0.021730233344440915
39 46 0.019508181409219366
40 46 0.036770585317175856
41 46 0.005049073971870437
42 46 0.02690194159423856
43 46 0.019565317113163713
44 46 0.02996835232666348
45 46 0.03451056200235495
0 47 0.007634226857444908
1 47 0.04540470200546604
2 47 0.016802979511377398
3 47 0.01574511753485689
4 47 0.03496112119446154
5 47 0.026776484099885266
6 47 0.03586350025445545
7 47 0.005751706808954336
8 47 0.029956266000860654
9 47 0.035116804098099585
10 47 0.003917212843274747
11 47 0.04932277945255326
12 47 0.0003700602758934245
13 47 0.03822804899912192
14 47 0.029169357506794356
15 47 0.008931522430854131
16 47 0.005154544433811907
17 47 0.04849264109810887
18 47 0.01778751565943995
19 47 0.03803525567712186
20 47 0.028770405489353133
21 47 0.048539343658154085
22 47 0.012129090456583311
23 47 0.032890126341888926
24 47 0.0029724869685538217
25 47 0.033086322113682544
26 47 0.0019807989563920044
27 47 0.0005760611064473452
28 47 0.047802480742847944
29 47 0.013003156235586996
30 47 0.02421583021757335
31 47 0.049913544129278106
32 47 0.021025243438899804
33 47 0.04511989688914025
34 47 0.02358139691558684
35 47 0.007524072817251641
36 47 0.024082029811558735
37 47 0.03575958179730575
38 47 0.046713177781239366
39 47 0.026345283518679034
40 47 0.04677410663425599
41 47 0.034059660339412524
42 47 0.04246090253506415
43 47 0.025845016516717473
44 47 0.04931495199839423
45 47 0.025376330622631706
46 47 0.9633384893064459
0 48 0.03281069860784134
1 48 0.016404021306071194
2 48 0.0446379071221863
3 48 0.02340146116577191
4 48 0.013653569459305057
5 48 0.03243736855070193
6 48 0.04293782477017023
7 48 0.02884348796431425
8 48 0.04659738151916295
9 48 0.013145747737763705
10 48 0.029729155360562313
11 48 0.9843347714687942
12 48 0.0056835123817301865
13 48 0.007224769493153358
14 48 0.009335011392479317
15 48 0.014100865220234834
16 48 0.013854411956648967
17 48 0.030229176101984993
18 48 0.02504624627590224
19 48 0.006015731380752863
20 48 0.003181674434943659
21 48 0.0024571779116606567
22 48 0.04324037277506478
23 48 0.04137641853891666
24 48 0.03918562404834126
25 48 0.972533104907317
26 48 0.03564421756645589
27 48 0.96250251624059
28 48 0.03195537198286612
29 48 0.02539858156231662
30 48 0.0010123405727237242
31 48 0.04016016685614775
32 48 0.033645809730564157
33 48 0.004230790095205704
34 48 0.01570345840113769
35 48 0.024321170075166675
36 48 0.02015203038330303
37 48 0.01883837794882301
38 48 0.0031721235986225996
39 48 0.01652629757697483
40 48 0.03820014160600651
41 48 0.022185941613813053
42 48 0.035462512245638525
43 48 0.044394699928740816
44 48 0.013326864444760713
45 48 0.01723811139598526
46 48 0.012824531631553619
47 48 0.9520564314317729
0 49 0.02767103701717866
1 49 0.008740457966994472
2 49 0.04773591744323236
3 49 0.002369368446850694
4 49 0.003365259071560938
5 49 0.001496749207169223
6 49 0.02772466087400278
7 49 0.007202916258297808
8 49 0.028983626198286733
9 49 0.04181526444724145
10 49 0.006466720242154782
11 49 0.9630217054772401
12 49 0.048951628955324344
13 49 0.023443278836550747
14 49 0.009119928283225913
15 49 0.023434312252100083
16 49 0.010568670359363866
17 49 0.028665909577532133
18 49 0.01522169945359961
19 49 0.01018521356378376
20 49 0.006058470585676721
21 49 0.01731220697105762
22 49 0.021769058010081006
23 49 0.04743172478362041
24 49 0.025192454154065486
25 49 0.001996731426983716
26 49 0.9590496999986242
27 49 0.043866958248286896
28 49 0.04543314370523412
29 49 0.03591544934751632
30 49 0.0010645549464878498
31 49 6.231875556648169e-05
32 49 0.015745717888093154
33 49 0.04982669480047717
34 49 0.011901598533481574
35 49 0.043446380093142146
36 49 0.0480264264553439
37 49 0.04943770328435075
38 49 5.238271082854128e-05
39 49 0.03206820714664578
40 49 0.03457062452594901
41 49 0.005769582224961588
42 49 0.02938976296039672
43 49 0.00032535222336451666
44 49 0.005284420370979241
45 49 0.020978876232091336
46 49 0.02750385580106
47 49 0.013757456941131953
48 49 0.03319758678478969
0 50 0.03499453878379362
1 50 0.02259817091108476
2 50 0.043759740847820465
3 50 0.02023177488334324
4 50 0.04923873489465025
5 50 0.026892264359947297
6 50 0.024584671730953734
7 50 0.03864822828971276
8 50 0.03842771877050275
9 50 0.021883650713526055
10 50 0.0007432799428210622
11 50 0.02891727678264876
12 50 0.026141660729066533
13 50 0.04371812702001111
14 50 0.01109264374259307
15 50 0.006878764380828199
16 50 0.03134113410287703
17 50 0.027750074229136893
18 50 0.02651307800276419
19 50 0.030165170517885784
20 50 0.03927026961058163
21 50 0.04575848592485835
22 50 0.01868265174408623
23 50 0.022960248078304487
24 50 0.9534517230452028
25 50 0.010076589342974793
26 50 0.0038043309783563784
27 50 0.038120060325680244
28 50 0.010995144213745742
29 50 0.009273969203564384
30 50 0.02364957510943737
31 50 0.02853787868104562
32 50 0.013565397737283876
33 50 0.005797610857962508
34 50 0.022837101756105073
35 50 0.0015815646658423996
36 50 0.00015043813279342895
37 50 0.04960830800962672
38 50 0.035934045732887436
39 50 0.01504886950876487
40 50 0.005953961322022226
41 50 0.02254883881454378
42 50 0.047618698171370544
43 50 0.0245503919009172
44 50 0.02153700751502439
45 50 0.04198030413016154
46 50 0.01675659116521522
47 50 0.01778944390518027
48 50 0.032642654005784165
49 50 0.9699702624426026
0 51 0.021199368013656184
1 51 0.011806333204579736
2 51 0.0223903517410869
3 51 0.02014955770454648
4 51 0.01570593426543735
5 51 0.032510993493017885
6 51 0.007357069057630076
7 51 0.04249148361525464
8 51 0.044208310649294286
9 51 0.04982171002301551
10 51 0.015114511031229546
11 51 0.9650831352490308
12 51 0.036897881767134814
13 51 0.04563700931663108
14 51 0.016633549855851516
15 51 0.03673302672490408
16 51 0.00663921351182069
17 51 0.04413582977628069
18 51 0.0001409398304730358
19 51 0.005273777497965425
20 51 0.024498893098912344
21 51 0.0017266527512744486
22 51 0.0016118944109809181
23 51 0.04483669437494039
24 51 0.043749309403054125
25 51 0.04543542469355076
26 51 0.9765441339021225
27 51 0.031224792371920006
28 51 0.025308156959397903
29 51 0.019598776136965347
30 51 0.011134501520101156
31 51 0.024519825408924844
32 51 0.04147559040818925
33 51 0.007253962879199392
34 51 0.00103031765252477
35 51 0.004368510543063963
36 51 0.04890978386954828
37 51 0.04286893679625204
38 51 0.037555510729539304
39 51 0.03092419722077147
40 51 0.038517212194477526
41 51 0.027863187771056775
42 51 0.039562943047918374
43 51 0.035731741441502346
44 51 0.0072092608065185285
45 51 0.044325842533601466
46 51 0.011227407244089285
47 51 0.02890959362257398
48 51 0.002697503399972961
49 51 0.9795263592861934
50 51 0.048633511234876046
0 52 0.001475174204421586
1 52 0.002276245507412788
2 52 0.0035647268109663113
3 52 0.027829411382612912
4 52 0.04859450350122299
5 52 0.03624467302140538
6 52 0.017318692554559412
7 52 0.03866304778421927
8 52 0.024888268539047537
9 52 0.01148164087195722
10 52 0.030614604296118314
11 52 0.037597437134261
12 52 0.031656079245399725
13 52 0.045543406145024744
14 52 0.04441962425328271
15 52 0.028855018156491285
16 52 0.006746588796254315
17 52 0.01540997900297317
18 52 0.002737282527126372
19 52 0.011275565525894685
20 52 0.029813085857683472
21 52 0.015053461794809016
22 52 0.04827034498043059
23 52 0.04140278622447935
24 52 0.022787305183559814
25 52 0.029506198009024598
26 52 0.03654101475181582
27 52 0.014067314712611075
28 52 0.03379420015458122
29 52 0.024606040704853598
30 52 0.04373466968714796
31 52 0.03807225466968531
32 52 0.004978380399932896
33 52 0.006582997202062295
34 52 0.021963165679647807
35 52 0.00030576226290472404
36 52 0.0447066831257637
37 52 0.020467496099742105
38 52 0.04635687261696744
39 52 0.9701605996179381
40 52 0.009586437807645235
41 52 0.01590224466254513
42 52 0.022569836406935495
43 52 0.028554356057606915
44 52 0.00256833531621684
45 52 0.023228954250630648
46 52 0.028531691785175315
47 52 0.028303402157166233
48 52 0.02322996933280439
49 52 0.045348916722072884
50 52 0.0373314232694147
51 52 0.9777897180566137
0 53 0.034905163190118826
1 53 0.016886604607743425
2 53 0.03991245313106898
3 53 0.0419164183514159
4 53 0.009178058346198135
5 53 0.0288649633544284
6 53 0.03387979852461493
7 53 0.0007939923179068773
8 53 0.013524999848171584
9 53 0.014026040180582618
10 53 0.00852201013380701
11 53 0.026830159120234197
12 53 0.004665090281671273
13 53 0.04762233294325057
14 53 0.044916723198263404
15 53 0.028822599687628386
16 53 0.024402831574566974
17 53 0.011076944892528936
18 53 0.015758496366640857
19 53 0.011321604802468568
20 53 0.04086653296761999
21 53 0.009375103914214408
22 53 0.013247046125200205
23 53 0.04414813075078213
24 53 0.019249783633504648
25 53 0.006991114078890502
26 53 0.03535284848937269
27 53 0.028651500428859333
28 53 0.024624774950187
29 53 0.038926839219267054
30 53 0.000903158634139428
31 53 0.014545260670131196
32 53 0.019614678936124903
33 53 0.03107998879280208
34 53 0.0443416984618925
35 53 0.0008890958873798925
36 53 0.021895507291857103
37 53 0.017003636163091185
38 53 0.0023449026524476496
39 53 0.004182328221739467
40 53 0.003041728855916847
41 53 0.036016509587495416
42 53 0.01402459166239071
43 53 0.04156882629832341
44 53 0.0111345270797903
45 53 0.007533192198501419
46 53 0.04042758727999135
47 53 0.04582342905520122
48 53 0.03211335167888428
49 53 0.003996816592468726
50 53 0.0024385254595359
51 53 0.9998945931384754
52 53 0.018491329898240372
0 54 0.023223672171960204
1 54 0.004114124037593568
2 54 0.005038385798176552
3 54 0.004401619276154194
4 54 0.03723658727300938
5 54 0.045548915468515846
6 54 0.02284086015780425
7 54 0.03818244305684933
8 54 0.03579037383580422
9 54 0.007692829177055742
10 54 0.024678391080250522
11 54 0.01971060349063235
12 54 0.04977359740409035
13 54 0.023678676453424807
14 54 0.027324575665853244
15 54 0.0215374032000355
16 54 0.012673136818739713
17 54 0.028885498244795197
18 54 0.01732514119335615
19 54 0.03632573655668833
20 54 0.026868779272361414
21 54 0.01432869762572366
22 54 0.03014361899698835
23 54 0.01430778615490295
24 54 0.03204950157066116
25 54 0.029035356774146842
26 54 0.9593901497094007
27 54 0.020015331555374834
28 54 0.033311523480672685
29 54 0.0430407948361722
30 54 0.002005537405836205
31 54 0.014813069027303635
32 54 0.047813328835842744
33 54 0.033060142696554655
34 54 0.04977225711888676
35 54 0.0473265740282046
36 54 0.010277958539777891
37 54 0.009762519412383873
38 54 0.04941731214825771
39 54 0.043892264530582904
40 54 0.01996953395797566
41 54 0.0041330762892918755
42 54 0.013865244543098783
43 54 0.03938810251615705
44 54 0.048565888789329895
45 54 0.031195309372441596
46 54 0.028996515013533657
47 54 0.03871613622243519
48 54 0.03645842116231368
49 54 0.984967150653593
50 54 0.03457625266812262
51 54 0.9786323012569361
52 54 0.04397256154078611
53 54 0.007639604317304481
0 55 0.008996251604010588
1 55 0.0337287456262679
2 55 0.009990938795939078
3 55 0.025346702326076602
4 55 0.01607762412273198
5 55 0.03590398763220213
6 55 0.04636650313683624
7 55 0.033652691430095624
8 55 0.031570169945756385
9 55 0.008886904740228832
10 55 0.01777968485124891
11 55 0.9523654503001963
12 55 0.034801582120708614
13 55 0.0018302022691334904
14 55 0.026838574613288275
15 55 0.012253602367010289
16 55 0.9846313045446632
17 55 0.015184283525687299
18 55 0.0041996098429077245
19 55 0.0022933875085321682
20 55 0.0442004583687771
21 55 0.016650690466933994
22 55 0.025775229926779674
23 55 0.030914337792065386
24 55 0.03202564046779072
25 55 0.9826482495219636
26 55 0.9822041233119971
27 55 0.04916887149971694
28 55 0.015996338947179126
29 55 0.04161562077017447
30 55 0.02495490480915058
31 55 0.02973662895244676
32 55 0.02763192422709603
33 55 0.02897380883167564
34 55 0.01512405485373239
35 55 0.01679403350335513
36 55 0.03759231516996803
37 55 0.03998255681566057
38 55 0.006766415875577418
39 55 0.9679450111655745
40 55 0.04708044618623118
41 55 0.9604540834238879
42 55 0.0473176091344386
43 55 0.04215207554869521
44 55 0.041902280589398364
45 55 0.031190241604678624
46 55 0.04868365129577419
47 55 0.04912199824192351
48 55 0.9763342670087801
49 55 0.96861675351702
50 55 0.013615572818029883
51 55 0.9786382627630015
52 55 0.01883651576514693
53 55 0.04486577736234842
54 55 0.99805370782358
0 56 0.02337233440599451
1 56 0.002261725379271578
2 56 0.004169620890420133
3 56 0.007427213664866565
4 56 0.015023261112919175
5 56 0.029970500179076917
6 56 0.004241107949602867
7 56 0.03466919318954806
8 56 0.029202440914233
9 56 0.009113309048911937
10 56 0.004638552527398941
11 56 0.013261063506959256
12 56 0.0004977572068801782
13 56 0.005868766408477981
14 56 0.04716983267404358
15 56 0.04943714418266478
16 56 0.023247909837878788
17 56 0.002427346813224939
18 56 0.03560072868976367
19 56 0.03351505305746563
20 56 0.04311733970048519
21 56 0.04970786538867766
22 56 0.038906340042541156
23 56 0.03323997242525318
24 56 0.029748785314232078
25 56 0.041130274993780816
26 56 0.021624023427660462
27 56 0.02601500816521542
28 56 0.0397780195306409
29 56 0.040556159112261424
30 56 0.01776799513621275
31 56 0.014849387706069413
32 56 0.0015920299455127347
33 56 0.03444124680716572
34 56 0.028175649866514323
35 56 0.0397399126571313
36 56 0.025593974625088188
37 56 0.025985470674242707
38 56 0.019115422059641896
39 56 0.026560303467049774
40 56 0.02711564885913
41 56 0.04010369804978876
42 56 0.00650040144188571
43 56 0.04097032544169032
44 56 0.0027937963496286904
45 56 0.006831620800956632
46 56 0.02510817657102221
47 56 0.0033933532238505306
48 56 0.013193753884124351
49 56 0.9970491253708438
50 56 0.04522432519562561
51 56 0.02893161715839777
52 56 0.02883578896266422
53 56 0.02134742736109548
54 56 0.01583573102511275
55 56 0.9749758665326851
0 57 0.026795484336572882
1 57 0.013421359121952494
2 57 0.013903806747035454
3 57 0.023916350640020144
4 57 0.0062855810713893165
5 57 0.03985138235361915
6 57 0.03667586310644039
7 57 0.01836624005611616
8 57 0.005740374857330015
9 57 0.023484927564233878
10 57 0.0455225221337775
11 57 0.017762575537594322
12 57 0.04753109318960831
13 57 0.007132257035572169
14 57 0.02542035329524985
15 57 0.024069890341196932
16 57 0.024000860613590514
17 57 0.03225736477756037
18 57 0.006497162252611009
19 57 0.023222915900207346
20 57 0.048148604057448446
21 57 0.009079857787952748
22 57 0.002400658201699662
23 57 0.01663876364456277
24 57 0.040813948855895336
25 57 0.04441960712474379
26 57 0.0492271321545041
27 57 0.02832533074686826
28 57 0.037773974987294213
29 57 0.042517449457936334
30 57 0.014927455607919212
31 57 0.001953272164368552
32 57 0.009650825420919605
33 57 0.026365072040760485
34 57 0.026895784801954675
35 57 0.013617042053186364
36 57 0.006011137455910247
37 57 0.03170332418016164
38 57 0.0025119862637220597
39 57 0.038938352323992925
40 57 0.027656142485804197
41 57 0.9641123604276326
42 57 0.04624364757414704
43 57 0.02630919774273845
44 57 0.02295037991397041
45 57 0.04671940958424871
46 57 0.014983808784937321
47 57 0.010483172931313992
48 57 0.9748784103298641
49 57 0.04913523319466981
50 57 0.048617150913668764
51 57 0.027334383651019204
52 57 0.03974575792047997
53 57 0.013087882744582072
54 57 0.014521178596018295
55 57 0.9985088105122559
56 57 0.04295398822632234
0 58 0.002161748655320483
1 58 0.02034465294368022
2 58 0.03152326084307467
3 58 0.04827360137128913
4 58 0.039693475969638625
5 58 0.012324456763199662
6 58 0.04731935682244055
7 58 0.013833333571503556
8 58 0.045154048876904294
9 58 0.04175426853691973
10 58 0.02176517504840495
11 58 0.9849564781442152
12 58 0.02309595495543228
13 58 0.03241454225186199
14 58 0.03495986195363357
15 58 0.01644423913674162
16 58 0.03653230895755902
17 58 0.020509041509957304
18 58 0.04051122626341461
19 58 0.022969909419125575
20 58 0.04855417953319312
21 58 0.020397146171629462
22 58 0.007090496938529854
23 58 0.01202244392158838
24 58 0.010499417269499392
25 58 0.04858053196737464
26 58 0.027286376414778896
27 58 0.9563521964538536
28 58 0.017868318135465706
29 58 0.0040491823354123595
30 58 0.03183901055279644
31 58 0.03947770575391535
32 58 0.03420980014137301
33 58 0.012399880899685198
34 58 0.04787960272506127
35 58 0.005683180374181755
36 58 0.005827879995732986
37 58 0.0070747873825335525
38 58 0.0370361205675728
39 58 0.0061522683546802
40 58 0.024397814471216372
41 58 0.03757416362545722
42 58 0.022402521354874718
43 58 0.046263019016680305
44 58 0.04764157719910121
45 58 0.04700813101904912
46 58 0.030018302490543297
47 58 0.042659666486470564
48 58 0.9632872165148079
49 58 0.04703759518723552
50 58 0.032296561447806245
51 58 0.001629213584825406
52 58 0.04288902002395062
53 58 0.027640598695612372
54 58 0.013161505241828417
55 58 0.97111833453675
56 58 0.023736422422800087
57 58 0.9759685079382239
0 59 0.03270834125783144
1 59 0.03384374326901874
2 59 0.02107417125220328
3 59 0.04092305848165705
4 59 0.032142954236416874
5 59 0.03938193338126569
6 59 0.003271021898426934
7 59 0.01733820049459549
8 59 0.009895792856466282
9 59 0.03806798435599712
10 59 0.011520190397511369
11 59 0.013618835676265869
12 59 0.04743804811605748
13 59 0.004929687852191693
14 59 0.04117936203810776
15 59 0.006650981032589619
16 59 0.032441536859241275
17 59 0.005017682308487813
18 59 0.033260398067691106
19 59 0.000732659385100176
20 59 0.007792380202237518
21 59 0.018891080548100955
22 59 0.029180032535412292
23 59 0.0034492473551018693
24 59 0.04327811857163276
25 59 0.046553763231008946
26 59 0.006904392515231943
27 59 0.024787393601532072
28 59 0.008862694685913046
29 59 0.030933564645801725
30 59 0.03213597708426944
31 59 0.04311121395815682
32 59 0.0013594144678882145
33 59 0.03478628154523192
34 59 0.038142185195738205
35 59 0.01977530693554109
36 59 0.025305227876117498
37 59 0.04412128489556094
38 59 0.03988451894210914
39 59 0.027092401766387848
40 59 0.04508029176079192
41 59 0.020548543059721164
42 59 0.02978987566345501
43 59 0.022622086183835117
44 59 0.029563997097552336
45 59 0.0017429515225054811
46 59 0.039759373847889135
47 59 0.03606457451220676
48 59 0.9695187415999373
49 59 0.026067960050611443
50 59 0.01885392508091733
51 59 0.014252262029726312
52 59 0.04433623774388454
53 59 0.03937564237301505
54 59 0.017894515429722552
55 59 0.9587881136935502
56 59 0.03312242975361811
57 59 0.9601099515247844
58 59 0.9510139815015894
0 60 0.040500395725063316
1 60 0.017014558965324392
2 60 0.01628751807161419
3 60 0.047865956140445955
4 60 0.026248078178504025
5 60 0.02071783767541385
6 60 0.014465953818132262
7 60 0.01028189948047145
8 60 0.03925338075654983
9 60 0.04942626572412174
10 60 0.041790178244612224
11 60 0.04471079391836464
12 60 0.018974899810380332
13 60 0.013592206059316483
14 60 0.002321528862285576
15 60 0.024891517871556447
16 60 0.010414473282968758
17 60 0.030506887327184127
18 60 0.022764680246186504
19 60 0.027029793463742922
20 60 0.020649079189823567
21 60 0.020963133088868945
22 60 0.04980441400844894
23 60 0.016907698542943304
24 60 0.002558570153775102
25 60 0.04290649066932134
26 60 0.048020182975760536
27 60 0.0023592688290550385
28 60 0.027298595887192655
29 60 0.03328776944498736
30 60 0.0319097526730266
31 60 0.023185163076163556
32 60 0.0038367308736618356
33 60 0.04214051367384441
34 60 0.007398733319111316
35 60 0.04120222978380433
36 60 0.024940970366899497
37 60 0.0361513793777597
38 60 0.01732769836282624
39 60 0.049082834333921826
40 60 0.031958680645603046
41 60 0.03991526888997627
42 60 0.024243150738408416
43 60 0.040964479833141075
44 60 0.018947879140089566
45 60 0.03413569952762966
46 60 0.024135689036093883
47 60 0.009171745520262323
48 60 0.9958334261011939
49 60 0.04207009901955673
50 60 0.026284690427194002
51 60 0.012322373715153859
52 60 0.036052556901210675
53 60 0.03852882380743133
54 60 0.002938416307039864
55 60 0.006390423276762068
56 60 0.024467195641042234
57 60 0.0012412127147827631
58 60 0.9540318496515938
59 60 0.9707539686576955
0 61 0.003899240969148631
1 61 0.03785548208625215
2 61 0.02855694222241335
3 61 0.019480390730301146
4 61 0.03841239533561033
5 61 0.029254629159402995
6 61 0.0404081114833356
7 61 0.03994053303679883
8 61 0.0018321627976344342
9 61 0.04991914019276657
10 61 0.04177915622622855
11 61 0.0075235765816249285
12 61 0.03799480205152331
13 61 0.020334578141254406
14 61 0.04515745428869985
15 61 0.0422188712164183
16 61 0.030353083303189015
17 61 0.03585155912645341
18 61 0.010293581844346731
19 61 0.03312899675617267
20 61 0.013198319322643735
21 61 0.026554759125629997
22 61 0.014146895441495307
23 61 0.01569554739208444
24 61 0.03247175764024159
25 61 0.029854182100046756
26 61 0.002591261864950938
27 61 0.004771601511849498
28 61 0.03664933777510317
29 61 0.026715890458802183
30 61 0.016452029021591714
31 61 0.04210146489357711
32 61 0.033752689248873445
33 61 0.028295848497826865
34 61 0.027709134040068445
35 61 0.005748894482808291
36 61 0.01146133605526252
37 61 0.004346938536477239
38 61 0.04450937283009289
39 61 0.02456186923666708
40 61 0.04504480173075242
41 61 0.0219258947471274
42 61 0.0027981802282345085
43 61 3.505951076107072e-05
44 61 0.009504385016824338
45 61 0.038550478854067205
46 61 0.009421307689185907
47 61 0.0001665406699116134
48 61 0.9800655996865091
49 61 0.025999579819534054
50 61 0.006353736366473121
51 61 0.025802859683304803
52 61 0.033770885563754856
53 61 0.03927500421746746
54 61 0.012560601973653926
55 61 0.9745481705443066
56 61 0.04651463136216665
57 61 0.9620905287358168
58 61 0.9812118143354648
59 61 0.9824889484167261
60 61 0.9917225398001146
0 62 0.03944933069254144
1 62 0.01848235442413845
2 62 0.011410004378473134
3 62 0.03197671012751081
4 62 0.02154117266189437
5 62 0.0002754544078187759
6 62 0.008436427947590289
7 62 0.026805140391950154
8 62 0.0020478393888168295
9 62 0.0016374910522711668
10 62 0.04715368971258256
11 62 0.048120902054204266
12 62 0.019315315550388124
13 62 0.04150272440398863
14 62 0.006816939767453627
15 62 0.01996086730002268
16 62 0.0319033496918329
17 62 0.01258162956762041
18 62 0.007095513079952852
19 62 0.0367696570975402
20 62 0.004207302456609801
21 62 0.028996674252336846
22 62 0.04009497534230302
23 62 0.04923009639878294
24 62 0.019330907752751637
25 62 0.03686347366356933
26 62 0.016642781145870162
27 62 0.011363247042102063
28 62 0.034120378803730214
29 62 0.037070574835690207
30 62 0.019011712541345607
31 62 0.020156650767957945
32 62 0.027888145497768607
33 62 0.004304954931258736
34 62 0.005585253026076347
35 62 0.019049714112040452
36 62 0.00243370630599482
37 62 0.017387810992957293
38 62 0.03734853634162844
39 62 0.020513888793661752
40 62 0.00737178959437995
41 62 0.9911489300297148
42 62 0.02545828349757472
43 62 0.017462252524085065
44 62 0.044940973470235346
45 62 0.035417375672451436
46 62 0.0019053681544791141
47 62 0.02444308691456427
48 62 0.9524734123798798
49 62 0.024323063942944128
50 62 0.03568416283548919
51 62 0.03917484191749507
52 62 0.006260022893608756
53 62 0.008098068222540082
54 62 0.04176537070277248
55 62 0.9592707787380026
56 62 0.010479537752420822
57 62 0.9967338101988895
58 62 0.9512085124683248
59 62 0.9538848178715859
60 62 0.9686443151654408
61 62 0.9558710846720224
0 63 0.028723182870374418
1 63 0.04660502539543454
2 63 0.03063569247415289
3 63 0.04043391792056064
4 63 0.041256360427602244
5 63 0.04014059661217516
6 63 0.021387229610046476
7 63 0.012202294403981937
8 63 0.033253508161224694
9 63 0.006923029072357571
10 63 0.009034133321353175
11 63 0.048804598041541324
12 63 0.01746878758714516
13 63 0.02671234727676001
14 63 0.003653247300936945
15 63 0.03141258075482341
16 63 0.0013476461616879706
17 63 0.009661592022009072
18 63 0.013072276896806564
19 63 0.025392315428420863
20 63 0.0251475733896245
21 63 0.027838556590964212
22 63 0.0005804086058608381
23 63 0.04943838922756953
24 63 0.011208166177790578
25 63 0.002716621881840974
26 63 0.02187218479570322
27 63 0.010395284764646693
28 63 0.009163586582515646
29 63 0.032788848938441646
30 63 0.0489241485131799
31 63 0.03755188351604631
32 63 0.019125400438491237
33 63 0.025927107099430212
34 63 0.044053645577930886
35 63 0.03723200595022613
36 63 0.002209001337329047
37 63 0.0069441092879567665
38 63 0.01206091911373169
39 63 0.005587583351291063
40 63 0.01877826278994333
41 63 0.031656345303638624
42 63 0.022374240081906388
43 63 0.015738206251247663
44 63 0.013130539121329918
45 63 0.039881943959624244
46 63 0.045827325778848856
47 63 0.029441782922985636
48 63 0.9846623336974851
49 63 0.036789596264163706
50 63 0.010432305841890874
51 63 0.00023138682791027927
52 63 0.00613090071383836
53 63 0.04779154865777775
54 63 0.022616908826890054
55 63 0.9551260137596608
56 63 0.028478568877344155
57 63 0.9849002822307901
58 63 0.9795938754187512
59 63 0.9858732997909403
60 63 0.9663305871814278
61 63 0.9578175825366735
62 63 0.9856847458759314
0 64 0.04641988794724058
1 64 0.018842876958836997
2 64 0.030153350061245032
3 64 0.010045573530709909
4 64 0.011857067770341508
5 64 0.02392322465397298
6 64 0.01759668651611849
7 64 0.045009265992060864
8 64 0.044129626809100965
9 64 0.00790437629095567
10 64 0.03760489770279224
11 64 0.977671354942814
12 64 0.0016870788929218446
13 64 0.011041578711618464
14 64 0.027800547789792716
15 64 0.003988843892265641
16 64 0.028357688227490945
17 64 0.0499355856150453
18 64 0.04994317908645654
19 64 0.026940801324355668
20 64 0.02929561676671354
21 64 0.02655323210740751
22 64 0.036322324649991605
23 64 0.02873838500495027
24 64 0.01998911410824979
25 64 0.039645803423973565
26 64 0.0037172566414083444
27 64 0.002161166221466093
28 64 0.04550527407475737
29 64 0.015546210252964113
30 64 0.02368646908390314
31 64 0.0015128286489121008
32 64 0.012233190703110578
33 64 0.03328526583769758
34 64 0.04913701833317778
35 64 0.026556797544789852
36 64 0.008832498094181854
37 64 0.03141498382143127
38 64 0.02615901594974195
39 64 0.003129513589226778
40 64 0.005055238114133703
41 64 0.024930006475436327
42 64 0.04497726951608482
43 64 0.03085215759566589
44 64 0.00429908982163295
45 64 0.04601478157189924
46 64 0.034589763140990014
47 64 0.005806765268566443
48 64 0.9743726480203052
49 64 0.01013615487315834
50 64 0.04885510051149716
51 64 0.013034951751039973
52 64 0.02588082023394031
53 64 0.014892634380455235
54 64 0.03646428518469138
55 64 0.9904118924749691
56 64 0.004217868292237825
57 64 0.9669039993728809
58 64 0.9547074904763581
59 64 0.9703383974845602
60 64 0.9694128508865617
61 64 0.9963003958670226
62 64 0.9849637282473401
63 64 0.9736399077227584
0 65 0.02537362866148628
1 65 0.006517032396480686
2 65 0.0219427144419666
3 65 0.032269923130898735
4 65 0.011989432479818504
5 65 0.006441389388584844
6 65 0.031219252453734442
7 65 0.04764203000842761
8 65 0.009534544747934706
9 65 0.028509096556234535
10 65 0.025685932518823097
11 65 0.0455346065478275
12 65 0.001658175175141879
13 65 0.004085041535492683
14 65 0.008164628844201192
15 65 0.02863797432820406
16 65 0.03982833722884024
17 65 0.0030971952997055955
18 65 0.024635444310789706
19 65 0.0028564410370783325
20 65 0.0494545149641315
21 65 0.0299740934398032
22 65 0.04864025679037104
23 65 0.043111643948547766
24 65 0.016385781129784463
25 65 0.035617775851386965
26 65 0.013801737926123667
27 65 0.04713371977241593
28 65 0.016140753057104315
29 65 0.025008065495927524
30 65 0.02403239962214071
31 65 0.030903267856158004
32 65 0.04370299132530926
33 65 0.016679816992411823
34 65 0.03607451902263923
35 65 0.02428324706994134
36 65 0.01855427870983389
37 65 0.018375777047997078
38 65 0.04003322531847371
39 65 0.00029101135876474776
40 65 0.01589554806219791
41 65 0.018289022242693055
42 65 0.04470133744165794
43 65 0.026865131594128736
44 65 0.011898942462392184
45 65 0.04414695873521278
46 65 0.009105918741417737
47 65 0.015860920187653213
48 65 0.9821901898420059
49 65 0.03581815569598755
50 65 0.0015762025719774139
51 65 0.04415642809917618
52 65 0.035320685604368636
53 65 0.04145624510693377
54 65 0.007187273337890303
55 65 0.9962517884098006
56 65 0.028927725013121436
57 65 0.953145655716905
58 65 0.9766707084439243
59 65 0.9856881030303706
60 65 0.9842644776330746
61 65 0.9812333481955351
62 65 0.9990007564082984
63 65 0.9542026582436793
64 65 0.9630790065589622
0 66 0.0443249078999831
1 66 0.0417449272802761
2 66 0.03675064992752389
3 66 0.012056932190586848
4 66 0.041491014569167345
5 66 0.006328908890866745
6 66 0.041998181080296314
7 66 0.044561437999189296
8 66 0.048459845919628396
9 66 0.020137638653374854
10 66 0.04783340797307472
11 66 0.035234729159965575
12 66 0.033448300760947215
13 66 0.027665088174303402
14 66 0.00731023991307924
15 66 0.04761217240004318
16 66 0.03947082443055067
17 66 0.03734220659779339
18 66 0.00851101913472546
19 66 0.049029399211530864
20 66 0.010494434666932903
21 66 0.018301283462879087
22 66 0.00023383087367335182
23 66 0.03723305370710615
24 66 0.025494809279554283
25 66 0.04270209230024545
26 66 0.03169440442138707
27 66 0.02657991363927904
28 66 0.0038136035931424384
29 66 0.02261659744514783
30 66 0.01533832560726562
31 66 0.01514614940677428
32 66 0.03325886528527237
33 66 0.012282482650961287
34 66 0.02830033991580382
35 66 0.0004071018618898469
36 66 0.0049185899577150515
37 66 0.0258441281531196
38 66 0.02606315389500804
39 66 0.03070207784515869
40 66 0.0025244957697925837
41 66 0.003502980583082415
42 66 0.039812402526463814
43 66 0.0184379491295809
44 66 0.034943672883159915
45 66 0.03820256793128382
46 66 0.02296427665637408
47 66 0.007377257336142682
48 66 0.9865549855915049
49 66 0.001717933666477511
50 66 0.024839477728195752
51 66 0.0443028734887991
52 66 0.014340169564039442
53 66 0.043760516061645466
54 66 0.03988800646543646
55 66 0.03553048105140322
56 66 0.040105932154616525
57 66 0.0037983148325952056
58 66 0.9528793391891003
59 66 0.9941080677761833
60 66 0.9998522695634072
61 66 0.9584359814921741
62 66 0.9975553635820423
63 66 0.9704809067336828
64 66 0.9618568725324161
65 66 0.9566225948299375
0 67 0.04958326169672293
1 67 0.008917045626427436
2 67 0.017748905342730676
3 67 0.04212504596369966
4 67 0.019284974266627043
5 67 0.03526560668644518
6 67 0.035651144060015696
7 67 0.044223602694897494
8 67 0.04693199001249788
9 67 0.01454064687848057
10 67 0.02075770393107351
11 67 0.01814438549075506
12 67 0.0180893468303391
13 67 0.02885266448253173
14 67 0.049781141717852084
15 67 0.029334430659208554
16 67 0.021246969558822583
17 67 0.047397493072525713
18 67 0.03249497917824407
19 67 0.022169067350719076
20 67 0.0403677543785219
21 67 0.010875101970327958
22 67 0.013710601013108595
23 67 0.005151992602842386
24 67 0.016428983202966253
25 67 0.035197741476883634
26 67 0.025103000179671375
27 67 0.000478188695352738
28 67 0.04602551100161672
29 67 0.000618623022209752
30 67 0.033141615110977456
31 67 0.03306410000940969
32 67 0.012144783895916014
33 67 0.030248028386602725
34 67 0.03988201572903566
35 67 0.031238129983345714
36 67 0.022270226098365892
37 67 0.014323374807879371
38 67 0.04837540001886746
39 67 0.036873489608025285
40 67 0.045691267443608345
41 67 0.022827872375107035
42 67 0.01318699745476221
43 67 0.01465195197989155
44 67 0.04649279444449646
45 67 0.016071081307292685
46 67 0.019763126513859055
47 67 0.04485908810538201
48 67 0.02754551310117795
49 67 0.019870565229330752
50 67 0.029890287281481395
51 67 0.009663461320702407
52 67 0.030118493054100547
53 67 0.0028949368499414925
54 67 0.03846233750916515
55 67 0.04483704578013564
56 67 0.040080440640724746
57 67 0.9884719331274783
58 67 0.02366360022482772
59 67 0.044047352641313674
60 67 0.017479267881893613
61 67 0.028305354704383705
62 67 0.043991074247699394
63 67 0.027001640589952802
64 67 0.04489009489475825
65 67 0.0013892103475433067
66 67 0.001885764557277691
0 68 0.002660705608772123
1 68 0.005427673349595707
2 68 0.030595778897806323
3 68 0.02188959662921769
4 68 0.03802670871244536
5 68 0.027423491854364622
6 68 0.0031615086964888344
7 68 0.012901822112539438
8 68 0.029936256770246555
9 68 0.009615108147827315
10 68 0.021969122964997236
11 68 0.9727095150768837
12 68 0.011184219901554096
13 68 0.03776332093187779
14 68 0.020417688293317127
15 68 0.02908647518241147
16 68 0.048214687691637406
17 68 0.0162515345610641
18 68 0.031376282395046425
19 68 0.028311751211547914
20 68 0.028839140778256278
21 68 0.003893600972501903
22 68 0.03011317444133971
23 68 0.01602858744004276
24 68 0.9786073458976191
25 68 0.9508048972006632
26 68 0.01674671064579061
27 68 0.9835904552435972
28 68 0.008169015818730333
29 68 0.013088443945834074
30 68 0.02241783454032364
31 68 0.006454202370489508
32 68 0.01555006488673207
33 68 0.006365073310137874
34 68 0.005812367295892605
35 68 0.03943384559957868
36 68 0.023290478204164695
37 68 0.03827158935419549
38 68 0.047495651404662546
39 68 0.01596942364796356
40 68 0.00551655329432521
41 68 0.9575077152816309
42 68 0.044718750544799846
43 68 0.02792681553434031
44 68 0.043754105654431025
45 68 0.03733973665229254
46 68 0.005217272190809512
47 68 0.04475488080867753
48 68 0.9542677049742603
49 68 0.049890368405286815
50 68 0.0070362892056254995
51 68 0.036845068674986485
52 68 0.027479364032026565
53 68 0.02683436536142757
54 68 0.021628170750727316
55 68 0.011054345163212857
56 68 0.009220225366533039
57 68 0.04610504692913297
58 68 0.04066906006556863
59 68 0.020418201150614348
60 68 0.04740620339549283
61 68 0.015167541819415533
62 68 0.0221989322636869
63 68 0.027121277368743413
64 68 0.02666783591565067
65 68 0.02564338323677846
66 68 0.04127403461410092
67 68 0.010580820134602795
0 69 0.02595607484560721
1 69 0.013186885994405071
2 69 0.018559249439509286
3 69 0.020070950442375193
4 69 0.030461188869575294
5 69 0.046077265805195215
6 69 0.009511895767098242
7 69 0.01725832640844473
8 69 0.0008892256246176398
9 69 0.01694510758244798
10 69 0.04378449070074831
11 69 0.9943379632865263
12 69 0.012732578366514438
13 69 0.0063562719744065955
14 69 0.014388475058197412
15 69 0.009665759702694402
16 69 0.020240892463540806
17 69 0.03146563323390896
18 69 0.045723702111764186
19 69 0.0184416202516062
20 69 0.005693832597258801
21 69 0.013969500522826315
22 69 0.03905685470556683
23 69 0.019493132127827346
24 69 0.9598402900100318
25 69 0.9740673821902759
26 69 0.024904809567473134
27 69 0.9678821022393617
28 69 0.04638556256908107
29 69 0.04135545240398092
30 69 0.019833549353383263
31 69 0.04234549983736854
32 69 0.029200003010241858
33 69 0.0363439525699095
34 69 0.028450670844764908
35 69 0.03270100229078911
36 69 0.03655057350151451
37 69 0.019926885202890123
38 69 0.041365860496024025
39 69 0.04547025985993992
40 69 0.012042798080673702
41 69 0.9941707265132337
42 69 0.005024817204005276
43 69 0.010785979109453572
44 69 0.011311618727074644
45 69 0.020722294334187052
46 69 0.04474898038227834
47 69 0.009531401663419684
48 69 0.9755321911473018
49 69 0.022167883048370595
50 69 0.007244201165472873
51 69 0.006735924970691136
52 69 0.017700838568249097
53 69 0.002536092647998622
54 69 0.013685351654257074
55 69 0.04212565262639594
56 69 0.023632162837704456
57 69 0.049074674716744114
58 69 0.008121849462249158
59 69 0.010280125313066643
60 69 0.004251760282890742
61 69 0.03173163959647147
62 69 0.021531491335727987
63 69 0.024386683305928785
64 69 0.021270331239886493
65 69 0.028265025840388824
66 69 0.039116175525552105
67 69 0.02124461157134495
68 69 0.9554955669988064
0 70 0.02679587192295686
1 70 0.016194909028450145
2 70 0.0492011733100393
3 70 0.041426534674869814
4 70 0.03326142352949849
5 70 0.012163508870675091
6 70 0.04864384420364377
7 70 0.04495394143627493
8 70 0.007204385457170552
9 70 0.026198076070013752
10 70 0.019221013397748
11 70 0.9827002354186225
12 70 0.04128390867847033
13 70 0.049877623820400493
14 70 0.018902565293356606
15 70 0.0005062255879448806
16 70 0.0173147769769413
17 70 0.040958949090318164
18 70 0.03585718048534767
19 70 0.01700977274886917
20 70 0.008840022483161623
21 70 0.013094825520030787
22 70 0.02771197658805135
23 70 0.008110032964765122
24 70 0.9672581212509672
25 70 0.9892198935462371
26 70 0.020180125730065
27 70 0.9898195619525441
28 70 0.048598827322280005
29 70 0.026983041537245973
30 70 0.04525614105749164
31 70 0.0008075950294194832
32 70 0.04228137778244367
33 70 0.01650724215384847
34 70 0.03824207088638962
35 70 0.026199355154640936
36 70 0.043071331762652994
37 70 0.009045950881950468
38 70 0.04077054512951459
39 70 0.041738212697882526
40 70 0.01766944200700405
41 70 0.9615882459590244
42 70 0.044585138133900304
43 70 0.00021327926975001072
44 70 0.04040412743811582
45 70 0.020532412225585595
46 70 0.008182723136259121
47 70 0.012923115564702011
48 70 0.03544625804217821
49 70 0.04068948628515095
50 70 0.032392182991576125
51 70 0.03797396724355842
52 70 0.0064691380835243655
53 70 0.0008476931715304612
54 70 0.013928546787629378
55 70 0.0033555338465231003
56 70 0.03259155803888753
57 70 0.014854982326948998
58 70 0.9501791817086778
59 70 0.0204475333901823
60 70 0.013242005522131187
61 70 0.009245971583193395
62 70 0.012947999888349358
63 70 0.012508255760793776
64 70 0.04288528829414357
65 70 0.0220775042014135
66 70 0.04126375680232024
67 70 0.036577105786657294
68 70 0.986009085471749
69 70 0.9578555978630695
0 71 0.02806262721595776
1 71 0.03911616918950294
2 71 0.03420555862463106
3 71 0.04580639623368048
4 71 0.02131076098759944
5 71 0.035140245807780746
6 71 0.0413761281713154
7 71 0.013616775990696836
8 71 0.02477868209184279
9 71 0.010949257521529785
10 71 0.004090049296674791
11 71 0.9838665348339888
12 71 0.04548798155869881
13 71 0.04989509558270232
14 71 0.04067310764040734
15 71 0.02010902081582874
16 71 0.00413534569317202
17 71 0.026430896867135484
18 71 0.022689399102501208
19 71 0.015735205333221664
20 71 0.036848117655607276
21 71 0.020613713566093313
22 71 0.03375009401194538
23 71 0.014493950398366836
24 71 0.009006924890525961
25 71 0.9530946430999981
26 71 0.04837367100117037
27 71 0.9671583559913637
28 71 0.009423529785443543
29 71 0.01536689834280808
30 71 0.04337074356863687
31 71 0.018815083197203947
32 71 0.003183813620300396
33 71 0.004008488309844487
34 71 0.028977881846361297
35 71 0.0472147572311347
36 71 0.000795053712944582
37 71 0.017629931076835664
38 71 0.012973925468897082
39 71 0.02937838811890653
40 71 0.03524571372776962
41 71 0.9605205992029384
42 71 0.011500449287859258
43 71 0.01884877736893475
44 71 0.010549374322575947
45 71 0.04554714663395154
46 71 0.03885895799139423
47 71 0.02740303262560938
48 71 0.9765915263329992
49 71 0.010650593219080915
50 71 0.03477158028765426
51 71 0.00647634925621605
52 71 0.04338919853570394
53 71 0.03966574958950573
54 71 0.004030510539621717
55 71 0.011964858344500753
56 71 0.044807404929446154
57 71 0.002652861540820672
58 71 0.038762670857409205
59 71 0.013937307089706776
60 71 0.033819486965026235
61 71 0.013130942479769711
62 71 0.03168936333940685
63 71 0.013780883701838711
64 71 0.03284042362189752
65 71 0.01619887415816373
66 71 0.016287112439072972
67 71 0.049913869715835134
68 71 0.9543505823260695
69 71 0.9520591035590695
70 71 0.9633795787490607
0 72 0.022011626874021983
1 72 0.00320084536360351
2 72 0.022860274171957972
3 72 0.04002096894470114
4 72 0.03579866569962809
5 72 0.016250775792986696
6 72 0.003221708603996492
7 72 0.03264459835304998
8 72 0.01239407491515703
9 72 0.04804463201182565
10 72 0.04155488573867735
11 72 0.9932687484492494
12 72 0.002391426350680497
13 72 0.005315005460200116
14 72 0.034593764902978524
15 72 0.02467186125198962
16 72 0.013850752849547584
17 72 0.0035981641518357745
18 72 0.04311170784342542
19 72 0.004047965743686288
20 72 0.023913687318702154
21 72 0.02867837998594349
22 72 0.012383601378101747
23 72 0.01900768440720931
24 72 0.04510139350997014
25 72 0.005067461020497259
26 72 0.9663291283693918
27 72 0.9929484335676467
28 72 0.021689608070625373
29 72 0.01852709798673127
30 72 0.012740957496524537
31 72 0.002559097125221476
32 72 0.023784618277709314
33 72 0.024235114712313766
34 72 0.03129438186717217
35 72 0.008675591469682052
36 72 0.028085995152166133
37 72 0.004275994144322308
38 72 0.017576057481209217
39 72 0.012620289869616549
40 72 0.002921497405338546
41 72 0.04035081758263682
42 72 0.009717929257287164
43 72 0.028231154392716593
44 72 0.015124518076228829
45 72 0.03262577834530398
46 72 0.04412840629453091
47 72 0.0016910457086251602
48 72 0.033070938527836304
49 72 0.00556943412034182
50 72 0.04825959196153727
51 72 0.03676185866589209
52 72 0.004508145622321634
53 72 0.030082010464872747
54 72 0.022407714367779698
55 72 0.031443927665318665
56 72 0.003629017193748068
57 72 0.023724261894497965
58 72 0.03478809333562612
59 72 0.029014717798761764
60 72 0.03750062160909438
61 72 0.026350489880242123
62 72 0.04265424234873973
63 72 0.007219700587133791
64 72 0.029492821690804055
65 72 0.02518526400420809
66 72 0.0032982134510699803
67 72 0.003104964839228257
68 72 0.04962169646660088
69 72 0.011489442439934603
70 72 0.03091280169559225
71 72 0.048014909816173124
0 73 0.03070547344092272
1 73 0.027054412485365765
2 73 0.01822760253265624
3 73 0.017420998542214874
4 73 0.0037962481445582555
5 73 0.04188604936077509
6 73 0.045138550882505256
7 73 0.04331921912436846
8 73 0.049671591657851455
9 73 0.03700094500224782
10 73 0.011490080865488824
11 73 0.010264499356869076
12 73 0.008444236115116363
13 73 0.01354143798349082
14 73 0.03640544463577679
15 73 0.005033266184100315
16 73 0.042024287861588114
17 73 0.045639473984781326
18 73 0.016805593270986748
19 73 0.04765774094576599
20 73 0.003326481889491955
21 73 0.005386664394747902
22 73 0.03212990932444424
23 73 0.03309447012993883
24 73 0.028654807681295174
25 73 0.005287961728632699
26 73 0.004603022699034669
27 73 0.0494859411694062
28 73 0.025485353624556305
29 73 0.00475111692101307
30 73 0.049053401938721215
31 73 0.005822029394133803
32 73 0.01969045382414422
33 73 0.04982048409314116
34 73 0.04566425386912879
35 73 0.016550411274620994
36 73 0.011189958388313685
37 73 0.00741249194800581
38 73 0.00209616137719914
39 73 0.04945747660900802
40 73 0.018045111409007577
41 73 0.03899883645721985
42 73 0.02854010423375302
43 73 0.040846567728689144
44 73 0.03848729297990432
45 73 0.025312057332021735
46 73 0.0429923364400012
47 73 0.01581451000573288
48 73 0.9559181226783189
49 73 0.006286031747564024
50 73 0.023977789287367417
51 73 0.04097829445795141
52 73 0.012998527249468868
53 73 0.011296717229288104
54 73 0.011028925826615845
55 73 0.024377486737994603
56 73 0.027516493172683936
57 73 0.0452441231705117
58 73 0.0428147373474651
59 73 0.035750746942501244
60 73 0.00948423869943835
61 73 0.038470789440170274
62 73 0.012742215023849798
63 73 0.03667555292280862
64 73 0.02981647962336002
65 73 0.003929956250334526
66 73 0.014507694627078517
67 73 0.0009238149814278116
68 73 0.046345181593553615
69 73 0.02334874844228284
70 73 0.016466091439920446
71 73 0.030678092192835203
72 73 0.01076407375211145
0 74 0.031726370947896744
1 74 0.041427528927898354
2 74 0.0469836461640629
3 74 0.033255785963789065
4 74 0.03933854535771749
5 74 0.04489414796648924
6 74 0.021915487501708266
7 74 0.0017669477091357018
8 74 0.03630632036524517
9 74 0.029885505072732688
10 74 0.03764617114151615
11 74 0.012306270551353674
12 74 0.017971373783874225
13 74 0.005583232778501633
14 74 0.016816077688052503
15 74 0.04967276758622273
16 74 0.0386962597088163
17 74 0.016203976227644454
18 74 0.03985049032035495
19 74 0.015803401331921853
20 74 0.02706683430385527
21 74 0.01989730279457967
22 74 0.039040237558457314
23 74 0.0007292395490787638
24 74 0.03571480801735802
25 74 0.016573843284941978
26 74 0.03655026193169722
27 74 0.005182805115530652
28 74 0.01418912110549471
29 74 0.006610587126882288
30 74 0.013060376870088482
31 74 0.041395334918852604
32 74 0.03022251377375887
33 74 0.013173234249250968
34 74 0.01582968777423765
35 74 0.02849983048267085
36 74 0.049932788567649974
37 74 0.03721120571125258
38 74 0.04782672173311097
39 74 0.024174330841351066
40 74 0.00045717319001603574
41 74 0.03120668620238194
42 74 0.042757649416384456
43 74 0.03400138815809633
44 74 0.04177191580819216
45 74 0.048239207916357656
46 74 0.006075461254033003
47 74 0.049721317390558975
48 74 0.9904779784052252
49 74 0.04647869315449717
50 74 0.03866178357132798
51 74 0.04052059440965475
52 74 0.006900317822968798
53 74 0.04684297453846563
54 74 0.04241843303583946
55 74 0.0411239921822995
56 74 0.0022319879226285195
57 74 0.01933769391670271
58 74 0.04510646913919101
59 74 0.03883179643172071
60 74 0.031944455464460314
61 74 0.009043060581676457
62 74 0.039191062361209256
63 74 0.040464034120645795
64 74 0.03965033139174006
65 74 0.023850184906144694
66 74 0.016697232756899192
67 74 0.040368115533711474
68 74 0.018970710372282398
69 74 0.028373288512803494
70 74 0.044608015857729416
71 74 6.492601374536998e-05
72 74 0.014349325035101154
73 74 0.9771314966395053
0 75 0.03337569967527216
1 75 0.02842314804635965
2 75 0.03734336802164162
3 75 0.02028621924958561
4 75 0.041707407186082186
5 75 0.04765343571607299
6 75 0.011112203865429784
7 75 0.003440106250330787
8 75 0.03630000558434992
9 75 0.006596681476273502
10 75 0.033507596194259616
11 75 0.01415390766977175
12 75 0.0033827189005108276
13 75 0.02610517321923363
14 75 0.032895747448448365
15 75 0.00430665435570357
16 75 0.024006630837322462
17 75 0.011770882392055485
18 75 0.0286469097078945
19 75 0.03218681573351864
20 75 0.041166791720676624
21 75 0.036053066740344364
22 75 0.009598621142660578
23 75 0.03772737151741561
24 75 0.009571372496075661
25 75 0.9545592580684018
26 75 0.014213110194384811
27 75 0.005694208037941732
28 75 0.010598390140829098
29 75 0.03497444456469962
30 75 0.04368365827240959
31 75 0.020714223540881843
32 75 0.005294844797051383
33 75 0.0012307174193059431
34 75 0.007411366303838622
35 75 0.029608261333550396
36 75 0.026593289852080447
37 75 0.009183563909338936
38 75 0.04001466240978579
39 75 0.009394955728637326
40 75 0.03722393084592672
41 75 0.9703088402133849
42 75 0.01947036360373493
43 75 0.049427431744540125
44 75 0.015058293847916827
45 75 0.04284470980629427
46 75 0.044281265449143
47 75 0.03859071239813149
48 75 0.9968357564621323
49 75 0.04583983725043048
50 75 0.03329002399237891
51 75 0.02409540536603081
52 75 0.0023731445438077087
53 75 0.0008773753772556068
54 75 0.026459497396087626
55 75 0.013826227985191149
56 75 0.03716527932890141
57 75 0.045791329011113914
58 75 0.0011796884242375957
59 75 0.005280190884722656
60 75 0.028719302270658408
61 75 0.04149950497415331
62 75 0.045439388677026314
63 75 0.024623733928666253
64 75 0.036659874401868776
65 75 0.02414677853329176
66 75 0.03299657903660863
67 75 0.011772833719446632
68 75 0.9854350319767687
69 75 0.965235157134872
70 75 0.9783647746330649
71 75 0.9918881958273085
72 75 0.005220676150622715
73 75 0.01640923595032964
74 75 0.010630886517901958
