77
0 1 0.8448132225234111
0 2 0.9888591476095692
1 2 0.15652195385624262
0 3 0.8758135558707743
1 3 0.15538727979423095
2 3 0.9559398015660414
0 4 0.8056732929203898
1 4 0.008245242952172835
2 4 0.10037683889822538
3 4 0.14251825592983078
0 5 0.8486975001310634
1 5 0.11284112614506166
2 5 0.08087994734820417
3 5 0.06154229104794383
4 5 0.018820170324273095
0 6 0.992240333326301
1 6 0.031415431798887124
2 6 0.1851040140412227
3 6 0.12646134265809097
4 6 0.04947726750725888
5 6 0.14992307215991713
0 7 0.9863167614159264
1 7 0.06471058542714601
2 7 0.15659701657120922
3 7 0.1539116109621994
4 7 0.049693158651702395
5 7 0.050422292802224225
6 7 0.13911776382002494
0 8 0.9434956952081961
1 8 0.12624250006762824
2 8 0.17860216628115586
3 8 0.13047357583075167
4 8 0.1816462311163971
5 8 0.09261441669113316
6 8 0.16918032427990068
7 8 0.17954328027447708
0 9 0.9414059368752439
1 9 0.13898715775963918
2 9 0.16172534428516364
3 9 0.00964548613290581
4 9 0.008962383429794205
5 9 0.0528743050560739
6 9 0.19632787837507504
7 9 0.10686262320973017
8 9 0.05404785207288872
0 10 0.13391946768230198
1 10 0.10098149774537246
2 10 0.15536061882273838
3 10 0.17294338746707197
4 10 0.17188303021278703
5 10 0.09366187143963052
6 10 0.18225839227861662
7 10 0.07113839887215404
8 10 0.046706775646417
9 10 0.19946429930832427
0 11 0.9136774186424141
1 11 0.16103573285172812
2 11 0.9960508304671676
3 11 0.9587270429560071
4 11 0.12195121800513457
5 11 0.16695816950269346
6 11 0.00786658484641589
7 11 0.11042073887767319
8 11 0.05064752327264584
9 11 0.044162660693382275
10 11 0.943773869512506
0 12 0.09735917707072925
1 12 0.16251155524129154
2 12 0.15957712444640323
3 12 0.005164512558969857
4 12 0.13792614619006874
5 12 0.09296678991399679
6 12 0.06848774765373294
7 12 0.1446754822333542
8 12 0.11589099182072589
9 12 0.19934862942798914
10 12 0.11861944980413872
11 12 0.8544501712158123
0 13 0.02710765133967265
1 13 1.8015123261139183e-05
2 13 0.19449393791515038
3 13 0.11588167741216038
4 13 0.03591446850779289
5 13 0.05661800386463015
6 13 0.07810461680952763
7 13 0.1987577141948374
8 13 0.10742282702658731
9 13 0.025542617879298228
10 13 0.03446504106544682
11 13 0.8328618716416439
12 13 0.10977080251959019
0 14 0.037998306595773294
1 14 0.15989602968824393
2 14 0.13213645597769885
3 14 0.1721224510607172
4 14 0.12734627907691703
5 14 0.1645967487359504
6 14 0.023195649708486595
7 14 0.09802792735457193
8 14 0.05900580935595449
9 14 0.18143373924819808
10 14 0.1065137666255714
11 14 0.9698055571859606
12 14 0.16084045514340697
13 14 0.0874192687723961
0 15 0.09250893252926091
1 15 0.05538590312324097
2 15 0.11198131864725203
3 15 0.17372000857286632
4 15 0.19679308816376256
5 15 0.08581716321521081
6 15 0.11780418382127844
7 15 0.06022621706428067
8 15 0.14742484838889502
9 15 0.12693696664958234
10 15 0.040412634430541786
11 15 0.9247454693650942
12 15 0.19654861821634012
13 15 0.07316491031568995
14 15 0.029671694354368155
0 16 0.18359830908031857
1 16 0.12562240188510118
2 16 0.05712299592276938
3 16 0.1041157933217167
4 16 0.014548824758329101
5 16 0.0712695131631119
6 16 0.09432802084426298
7 16 0.1942301626093615
8 16 0.027521369739273164
9 16 0.17522349052783567
10 16 0.03329002556361952
11 16 0.05057225282402537
12 16 0.058329575346421345
13 16 0.01972471344020807
14 16 0.06572919540236107
15 16 0.10878822986517041
0 17 0.08713809763956695
1 17 0.021926324435591966
2 17 0.19174757107590562
3 17 0.09598551036128575
4 17 0.15980325597957934
5 17 0.0024315239698760476
6 17 0.19205444517614922
7 17 0.192043407019531
8 17 0.09656405204715272
9 17 0.18473446929799547
10 17 0.08249825534593902
11 17 0.1563446868160858
12 17 0.15804485755148057
13 17 0.022432852720388436
14 17 0.14480683558778315
15 17 0.05787469046104553
16 17 0.9680537993131964
0 18 0.02203929167207334
1 18 0.17086165964463584
2 18 0.11350417249446117
3 18 0.04750780001201195
4 18 0.047641339441256626
5 18 0.01571170049342689
6 18 0.19148016212263128
7 18 0.1340670681645735
8 18 0.07722334643483818
9 18 0.08628130111354736
10 18 0.029912281596850637
11 18 0.18924054568382226
12 18 0.06103424701886423
13 18 0.16943988139557606
14 18 0.10766629864433581
15 18 0.1830657214363274
16 18 0.8584209059889156
17 18 0.8035293726443551
0 19 0.14956235012371147
1 19 0.17848218906953672
2 19 0.16878589586615098
3 19 0.06744419429966274
4 19 0.03878425440015859
5 19 0.17213716811069135
6 19 0.0994658435970182
7 19 0.14340223690328158
8 19 0.19196249451144387
9 19 0.07253296649069102
10 19 0.09471500421918691
11 19 0.17469247712462002
12 19 0.16804650292044285
13 19 0.024153466374204874
14 19 0.14403168368440264
15 19 0.040795114485645954
16 19 0.9246068909513947
17 19 0.8318029114521032
18 19 0.9083536166442822
0 20 0.10684127321110863
1 20 0.1790373526957663
2 20 0.10422469197867087
3 20 0.07984896600018779
4 20 0.09032799677879877
5 20 0.12083262138434633
6 20 0.14111218069572753
7 20 0.1562685870410508
8 20 0.11359519876360293
9 20 0.14198813389443588
10 20 0.11206114342047695
11 20 0.07711262009783222
12 20 0.18880614004171875
13 20 0.13843551787524605
14 20 0.1020666524725207
15 20 0.17750067866457467
16 20 0.8453954475281804
17 20 0.8381686998860223
18 20 0.8526139672305112
19 20 0.978984156522009
0 21 0.16175192797278412
1 21 0.15704341409057138
2 21 0.011765374311152297
3 21 0.15880348618524234
4 21 0.13121321971050223
5 21 0.10090256218167255
6 21 0.03207472115625127
7 21 0.16497822499776255
8 21 0.10126064003502029
9 21 0.014640526078437662
10 21 0.04168403910960158
11 21 0.19627918075979162
12 21 0.12784362483435652
13 21 0.19446532148836698
14 21 0.06023445841065517
15 21 0.12608449966120475
16 21 0.9880024022458653
17 21 0.8740874568926197
18 21 0.8512188510908024
19 21 0.8502372858893857
20 21 0.9614287836546949
0 22 0.15369767999689732
1 22 0.0043162695581001375
2 22 0.036274357299323434
3 22 0.03218834332382265
4 22 0.13898664078675166
5 22 0.1624439346616536
6 22 0.14046353551949428
7 22 0.07628322908508862
8 22 0.09099640472960531
9 22 0.017401975435679645
10 22 0.11076176655250877
11 22 0.04118095874545757
12 22 0.14385394067496116
13 22 0.025975563302379507
14 22 0.018086743557019308
15 22 0.11560221755674382
16 22 0.9236697667182895
17 22 0.809656882076305
18 22 0.8472247741144219
19 22 0.9633890846048586
20 22 0.9216754473395763
21 22 0.9243916543983517
0 23 0.14688024678586506
1 23 0.19060481324898707
2 23 0.15400877318405662
3 23 0.019572924755680794
4 23 0.044695569954965986
5 23 0.07011050117742489
6 23 0.10826157127702492
7 23 0.16524332539099787
8 23 0.18407598357205385
9 23 0.15060957612525147
10 23 0.06911789821010193
11 23 0.9689996726814243
12 23 0.8435918897853598
13 23 0.025644844351732615
14 23 0.043353413469310424
15 23 0.051511959600466915
16 23 0.9761815865888765
17 23 0.8570011990768678
18 23 0.8254496101454271
19 23 0.9116906290659784
20 23 0.8365232450132283
21 23 0.9733522190355347
22 23 0.8857298617420074
0 24 0.023374744884775752
1 24 0.19823620318488006
2 24 0.006035751751256234
3 24 0.08326036849910866
4 24 0.18806637634526444
5 24 0.19952561452134793
6 24 0.007311836233299783
7 24 0.1907127425721707
8 24 0.13666305033485635
9 24 0.17119000953994942
10 24 0.11260500182437791
11 24 0.8588565499660972
12 24 0.010587737219502411
13 24 0.0838397099749371
14 24 0.13948644999581034
15 24 0.026235155832834218
16 24 0.09900329367053955
17 24 0.18603938709348886
18 24 0.17387906032440123
19 24 0.015820268351431594
20 24 0.16872441090611673
21 24 0.0929527849686773
22 24 0.14429302427972734
23 24 0.8151492770838499
0 25 0.1686399803274611
1 25 0.07646018468564175
2 25 0.031137938747323374
3 25 0.14136636173952952
4 25 0.18021444210970602
5 25 0.13203323026290828
6 25 0.00759637076444579
7 25 0.15198636133732615
8 25 0.05681023046125059
9 25 0.12067771026836269
10 25 0.005174892862813029
11 25 0.9031015354833373
12 25 0.03346028080922123
13 25 0.11445643091637829
14 25 0.06658216806558906
15 25 0.0530815099759465
16 25 0.14235666818420073
17 25 0.05037200656345039
18 25 0.11750399878330879
19 25 0.09868309677738596
20 25 0.12115579639062274
21 25 0.08887887445783663
22 25 0.09364154985328721
23 25 0.8933042201703217
24 25 0.9733494690659144
0 26 0.009166266528406906
1 26 0.17588903554171845
2 26 0.1890475084507592
3 26 0.13324960869743074
4 26 0.0207209573098815
5 26 0.06517630491471044
6 26 0.15343118206512352
7 26 0.1698275994225434
8 26 0.07619894019622919
9 26 0.16809707178960417
10 26 0.1700485274178802
11 26 0.8501373750128943
12 26 0.1472993414719145
13 26 0.04080585927374848
14 26 0.05996664574029145
15 26 0.02270089417615317
16 26 0.8698473188601674
17 26 0.01066447347542678
18 26 0.0006347465200190471
19 26 0.13639900407133457
20 26 0.1978471836527629
21 26 0.17483968719809057
22 26 0.1705631239665008
23 26 0.1853939925433395
24 26 0.8418238832999719
25 26 0.8931192059861613
0 27 0.016656342357001506
1 27 0.18115464688538307
2 27 0.08508456850219855
3 27 0.13299613451772613
4 27 0.11264894929302831
5 27 0.10865908451244045
6 27 0.027849233820298996
7 27 0.013679694705136455
8 27 0.04739087810239852
9 27 0.1690451620367937
10 27 0.11503260727224249
11 27 0.8391153819864181
12 27 0.019264516955595584
13 27 0.05317792205912973
14 27 0.12626917829111434
15 27 0.08960985427974695
16 27 0.028612866511870044
17 27 0.11566574290757567
18 27 0.11869601784578654
19 27 0.07994681066762835
20 27 0.1994349789529664
21 27 0.10375164853836032
22 27 0.13366693748042024
23 27 0.9091951364168155
24 27 0.9251394773282041
25 27 0.9039400237502305
26 27 0.9271130089142043
0 28 0.0017542713593776012
1 28 0.12686360163494517
2 28 0.1770508054961812
3 28 0.14083862687091564
4 28 0.16061967815322845
5 28 0.05543281370590308
6 28 0.05647686058400082
7 28 0.14589149085696976
8 28 0.021369889772329783
9 28 0.056493906950570584
10 28 0.13538964242156598
11 28 0.8176831684644412
12 28 0.06534060609588749
13 28 0.0999671422526468
14 28 0.19906397582999558
15 28 0.07650339974931136
16 28 0.16359040736504138
17 28 0.03299022709000871
18 28 0.014733569038833735
19 28 0.1981977619248691
20 28 0.02539314091395059
21 28 0.03355946880382569
22 28 0.09644455196299344
23 28 0.1303574392174173
24 28 0.07330823573841437
25 28 0.1975164952319429
26 28 0.06825509034592664
27 28 0.9534585824158476
0 29 0.1796644363560739
1 29 0.08527258177869393
2 29 0.06988649688789246
3 29 0.06709584941425309
4 29 0.10847376613161708
5 29 0.016409406912643826
6 29 0.16878562887058765
7 29 0.014421964243001125
8 29 0.09659917080836519
9 29 0.0989141319068206
10 29 0.017997216145829293
11 29 0.9596485805016395
12 29 0.13986620633178437
13 29 0.08256337847367504
14 29 0.13675386926127847
15 29 0.1344651455785636
16 29 0.06359496992157508
17 29 0.11042331754415115
18 29 0.11648436700650533
19 29 0.16175209830569603
20 29 0.031234863564320807
21 29 0.051259830758214865
22 29 0.15508310974020278
23 29 0.9604260080463747
24 29 0.10105567831458026
25 29 0.04478004961906489
26 29 0.09710692846059092
27 29 0.9734021439628655
28 29 0.0748959311218725
0 30 0.0026809814958667073
1 30 0.04416340662951198
2 30 0.02259791719770849
3 30 0.049376129294228244
4 30 0.11046138426126866
5 30 0.136265693758655
6 30 0.1115045670804073
7 30 0.06959602909045715
8 30 0.17077673552468806
9 30 0.1879513882089035
10 30 0.0019191366262310435
11 30 0.17313376066604289
12 30 0.03503300163180528
13 30 0.11351285176264891
14 30 0.0328050518582426
15 30 0.1312169589493675
16 30 0.1003086082901046
17 30 0.027139194081820344
18 30 0.020411089963998937
19 30 0.10171757465886204
20 30 0.06582828512725468
21 30 0.10463639659322999
22 30 0.1324772852721684
23 30 0.8949905018690502
24 30 0.0006776846201266283
25 30 0.16596234349370284
26 30 0.15439447641552856
27 30 0.12668355102851434
28 30 0.11186900618037651
29 30 0.03558397751810482
0 31 0.08212945471907483
1 31 0.08010053740006712
2 31 0.1708211954077268
3 31 0.1081941002664369
4 31 0.0065343121008217585
5 31 0.17303474167231142
6 31 0.15694074511997963
7 31 0.02644841550318779
8 31 0.17342633008819333
9 31 0.09340408491442731
10 31 0.17861862921015906
11 31 0.8647864788072751
12 31 0.0882204683259954
13 31 0.1291207853284812
14 31 0.015663644054200773
15 31 0.12024623089342368
16 31 0.06439924291003435
17 31 0.11287761331978374
18 31 0.15810308500336473
19 31 0.024977508447645142
20 31 0.16097699243401387
21 31 0.13144464747402063
22 31 0.09451013735717181
23 31 0.8989219890919465
24 31 0.08905672409466765
25 31 0.059025912268673916
26 31 0.17245589173831835
27 31 0.8347040058340948
28 31 0.08222845075127865
29 31 0.050442335735123564
30 31 0.9779334687644574
0 32 0.040772034229862524
1 32 0.13352836109099497
2 32 0.16830774406134752
3 32 0.1500835777081039
4 32 0.10956848821155309
5 32 0.14010815723406808
6 32 0.022506195196093398
7 32 0.1298263528772501
8 32 0.1982673897500525
9 32 0.19448893873858272
10 32 0.19391435601427734
11 32 0.8829435097065336
12 32 0.058297916344451035
13 32 0.19312992184686714
14 32 0.19364365632596228
15 32 0.037813991373824185
16 32 0.06851287624914872
17 32 0.17169823164265882
18 32 0.1447924165493485
19 32 0.03858062757434183
20 32 0.15157815067342345
21 32 0.09233047975995659
22 32 0.11992880351151619
23 32 0.16679476329512768
24 32 0.19745132266291127
25 32 0.03446258414903963
26 32 0.1460423512532334
27 32 0.04434983397172824
28 32 0.14177810582348183
29 32 0.046105681880993676
30 32 0.09457579893112651
31 32 0.028508893807913566
0 33 0.0413780069546385
1 33 0.13545220171535957
2 33 0.13099290131321684
3 33 0.11451882161068894
4 33 0.14720176578233646
5 33 0.19439800766780507
6 33 0.11180191354406373
7 33 0.02995267730659063
8 33 0.15878730650388373
9 33 0.0857310160823748
10 33 0.07204400177418036
11 33 0.9232610445790128
12 33 0.02961295095563349
13 33 0.13173603604366613
14 33 0.10536137440650646
15 33 0.13560111616665513
16 33 0.0859020388158722
17 33 0.02953072488100707
18 33 0.04020026461380605
19 33 0.07811066388132178
20 33 0.030512557488247077
21 33 0.19181442373546453
22 33 0.1835013570881345
23 33 0.12430793874144228
24 33 0.08526369394582266
25 33 0.10153249873530241
26 33 0.08791550881661876
27 33 0.9246851205283106
28 33 0.09931253849411148
29 33 0.1696739213294329
30 33 0.02561006343964946
31 33 0.09615031775482971
32 33 0.0420940002783012
0 34 0.019029280075618122
1 34 0.03361619117490639
2 34 0.12795931867869667
3 34 0.06421000472647778
4 34 0.1960915102557359
5 34 0.03509113588955081
6 34 0.0741298676439238
7 34 0.1750324600544525
8 34 0.15786180658803775
9 34 0.11591062376311019
10 34 0.06715031231269836
11 34 0.9151156601380983
12 34 0.1402237005607667
13 34 0.0833300583625236
14 34 0.092731613294274
15 34 0.1800167943283073
16 34 0.07065328237902246
17 34 0.0631867715844643
18 34 0.15067087889472375
19 34 0.05946797125368775
20 34 0.017475405983389855
21 34 0.024294056445586236
22 34 0.04631228554861927
23 34 0.0528895086713283
24 34 0.14887709281274503
25 34 0.012881394691184942
26 34 0.1814491442391959
27 34 0.16907328587324288
28 34 0.017846219163521467
29 34 0.851291865065518
30 34 0.02284534579774084
31 34 0.1540631007086378
32 34 0.12372206826940192
33 34 0.04812647047825579
0 35 0.061479784642790455
1 35 0.08926848420614657
2 35 0.03989000953545942
3 35 0.17270587974058568
4 35 0.1249543835892546
5 35 0.16335717391874882
6 35 0.06495904499252086
7 35 0.12178878013270604
8 35 0.12553601098174114
9 35 0.05682800961165822
10 35 0.025405546524028506
11 35 0.9774279096321419
12 35 0.04795584320197347
13 35 0.008979765275198035
14 35 0.0529307716033199
15 35 0.14084151757251837
16 35 0.17312674545483683
17 35 0.04893038137352249
18 35 0.0041117531497955485
19 35 0.12673174929889744
20 35 0.1475797559752373
21 35 0.08606399294581302
22 35 0.010283722342239596
23 35 0.1740218451458892
24 35 0.050093495372295335
25 35 0.10017601009820236
26 35 0.06812645703683369
27 35 0.11921936770567336
28 35 0.11129257238738718
29 35 0.9626752487762538
30 35 0.11505398006703209
31 35 0.10211122002985029
32 35 0.18143804057236876
33 35 0.18865986299752052
34 35 0.8100225473348522
0 36 0.18107103586168175
1 36 0.045617889187148035
2 36 0.0216110026953296
3 36 0.12204857411878413
4 36 0.10969729679147211
5 36 0.07090785424971423
6 36 0.046152138145513964
7 36 0.12637345435518718
8 36 0.1671667358311338
9 36 0.1740004522123036
10 36 0.03850685703242606
11 36 0.9557892175489575
12 36 0.16491301307168413
13 36 0.17944505167815852
14 36 0.16764512054735342
15 36 0.0002278127798174267
16 36 0.12269013098953734
17 36 0.04473672049897316
18 36 0.05951285490798622
19 36 0.041413231807000864
20 36 0.18233111656175002
21 36 0.08706379708371081
22 36 0.04154750195988405
23 36 0.17451090426278182
24 36 0.1851526101572153
25 36 0.09414966830716687
26 36 0.10763264246536253
27 36 0.15203688443184496
28 36 0.14457102272383754
29 36 0.9679966844233575
30 36 0.06274665065816966
31 36 0.12447746720511303
32 36 0.008662145274951169
33 36 0.19495219954290005
34 36 0.9958167646221703
35 36 0.8623241661106241
0 37 0.15843440860436409
1 37 0.18895136775831217
2 37 0.023758278391902827
3 37 0.02204246262573592
4 37 0.03959001902005256
5 37 0.11192381664829822
6 37 0.09314251387025403
7 37 0.1889257532778426
8 37 0.07075144694001381
9 37 0.11702429418701295
10 37 0.0050488056506462695
11 37 0.8130176454832672
12 37 0.16576288193926705
13 37 0.11038918063872773
14 37 0.14891990484932688
15 37 0.07325395679373528
16 37 0.06799316393800932
17 37 0.16968072220450162
18 37 0.0029308391337425238
19 37 0.0445910028105787
20 37 0.11346870607434043
21 37 0.08797190589621436
22 37 0.10450317694083863
23 37 0.19019558203582881
24 37 0.14966840638960005
25 37 0.015594460844340081
26 37 0.1638504685365055
27 37 0.01805264092087517
28 37 0.04843169458630751
29 37 0.9991747445877462
30 37 0.006292426355326229
31 37 0.010918420679126314
32 37 0.11319344921810257
33 37 0.11365014033563715
34 37 0.8965437859301482
35 37 0.8443543105193406
36 37 0.9035605494323046
0 38 0.05594057117997745
1 38 0.03583602948591019
2 38 0.07690876843979777
3 38 0.044116525283967756
4 38 0.15991392621352882
5 38 0.036856540149397245
6 38 0.199162259834006
7 38 0.029282874219264402
8 38 0.17977748527335466
9 38 0.08140647231324342
10 38 0.12417062614196452
11 38 0.9102630079718349
12 38 0.06465424678561969
13 38 0.11312295949986952
14 38 0.10330947038079112
15 38 0.16806386570209006
16 38 0.05039019654781164
17 38 0.005346311306398242
18 38 0.12016814895954135
19 38 0.01728681099029285
20 38 0.14410656694447319
21 38 0.023079342000551346
22 38 0.08258289045959784
23 38 0.11667475605654558
24 38 0.17869280245743643
25 38 0.05522245154192856
26 38 0.11887851166530466
27 38 0.012806887746678172
28 38 0.14682213922280377
29 38 0.9292515534972252
30 38 0.1399314790329701
31 38 0.029093921556606832
32 38 0.013522192731270173
33 38 0.015559136375534029
34 38 0.9711620254441746
35 38 0.9897341208369963
36 38 0.893220958614244
37 38 0.9342486806037864
0 39 0.17283160452804622
1 39 0.17772781686483616
2 39 0.08344066630317347
3 39 0.196298456893725
4 39 0.06860850343953016
5 39 0.09592299042312773
6 39 0.17628487671418938
7 39 0.10137290965210217
8 39 0.16121342278458722
9 39 0.08027367982808123
10 39 0.16151907808520483
11 39 0.1820146857539725
12 39 0.19184540380580847
13 39 0.0186179208291628
14 39 0.09099574111407525
15 39 0.10073913362570615
16 39 0.11139382007303279
17 39 0.11284625304460023
18 39 0.025500475390048266
19 39 0.19321277127626554
20 39 0.176531744362361
21 39 0.026105779894705167
22 39 0.09065021814039642
23 39 0.10224694026266964
24 39 0.10290146794020982
25 39 0.8644840655731442
26 39 0.15523143497436262
27 39 0.19417774432804707
28 39 0.17629804948921737
29 39 0.06348701625207938
30 39 0.08115310057510433
31 39 0.1629102596760049
32 39 0.11671350467229542
33 39 0.19325691584510363
34 39 0.1449883173427472
35 39 0.009932837315814222
36 39 0.17635074990173083
37 39 0.18493490326839132
38 39 0.14644422141258526
0 40 0.18318367390091417
1 40 0.061580374882384534
2 40 0.11656209295846247
3 40 0.14425212700357706
4 40 0.025685273710920747
5 40 0.04492823654003982
6 40 0.03253319758829298
7 40 0.02954586827977887
8 40 0.1769020365082721
9 40 0.06215773471321978
10 40 0.03020556379468035
11 40 0.07010774759485013
12 40 0.18612984376687738
13 40 0.11493133896376051
14 40 0.09782432015662032
15 40 0.16735117259619617
16 40 0.1691988087870434
17 40 0.14730693852258395
18 40 0.13967230104044942
19 40 0.19107706651469072
20 40 0.03910753802324584
21 40 0.18268866395575642
22 40 0.10517699897061869
23 40 0.01702935481754173
24 40 0.11913304338164377
25 40 0.9940268551167617
26 40 0.11627126753916703
27 40 0.048205110855232436
28 40 0.004911261384558084
29 40 0.01097128333292958
30 40 0.1652954095591769
31 40 0.048399523672064626
32 40 0.019685951239589845
33 40 0.1771247210030091
34 40 0.18249877959186642
35 40 0.0894060669259894
36 40 0.007406269431689426
37 40 0.08389958826270745
38 40 0.188118095171112
39 40 0.02971619593552463
0 41 0.1516737620283143
1 41 0.018828505872405917
2 41 0.11451018960105135
3 41 0.1441051312354804
4 41 0.02622521853850556
5 41 0.03127685657217597
6 41 0.15634903412831822
7 41 0.04741169642760475
8 41 0.1761616581021133
9 41 0.09655244674553239
10 41 0.0246569095862104
11 41 0.07398564217265345
12 41 0.16402325687116348
13 41 0.1094091669966782
14 41 0.19612247443252717
15 41 0.15390735622389318
16 41 0.026789662258123532
17 41 0.06956238491060573
18 41 0.05738582878934256
19 41 0.07214828235441546
20 41 0.01693117895879552
21 41 0.01204382429482149
22 41 0.13035862806211124
23 41 0.11254449472828243
24 41 0.9982097587210149
25 41 0.8424717015850336
26 41 0.14958210145563655
27 41 0.15302157976058972
28 41 0.059472278471942835
29 41 0.006961230379291237
30 41 0.1914465027488768
31 41 0.12023735766880729
32 41 0.09035165839012063
33 41 0.13292382283885346
34 41 0.08917194531150273
35 41 0.09389082059417038
36 41 0.14189169013511344
37 41 0.08469366853854764
38 41 0.08792588425297908
39 41 0.18805533327318458
40 41 0.0838264970574647
0 42 0.09182703268624044
1 42 0.013427514491218748
2 42 0.00993863518982194
3 42 0.041624231220493225
4 42 0.13637891865317203
5 42 0.15105585401896707
6 42 0.0582382247970609
7 42 0.11625720865044968
8 42 0.026632450704352998
9 42 0.18893977857416533
10 42 0.06483496008951345
11 42 0.059195772870532445
12 42 0.15811643821701704
13 42 0.08340189241715566
14 42 0.04584386087624827
15 42 0.049059099589135624
16 42 0.15807732542891978
17 42 0.020977776019140786
18 42 0.021553638249031976
19 42 0.15210431000623384
20 42 0.03929322020246308
21 42 0.1181282506569703
22 42 0.03025467813746267
23 42 0.18870315128143403
24 42 0.9655830121972714
25 42 0.8528485029566713
26 42 0.022994929454455134
27 42 0.07073661014316619
28 42 0.189730941346655
29 42 0.10326762848973772
30 42 0.10725620412443157
31 42 0.08310525555111455
32 42 0.13271507390117984
33 42 0.008677637720422024
34 42 0.1716050972002926
35 42 0.06317575248036654
36 42 0.11033090589190972
37 42 0.07756549740426986
38 42 0.045621268226684386
39 42 0.18793455107742246
40 42 0.10503654000720788
41 42 0.868956027324082
0 43 0.1607327259277239
1 43 0.04020074627041181
2 43 0.07715744562171199
3 43 0.14290584518457913
4 43 0.1811476375933368
5 43 0.1719904672963623
6 43 0.08514991607533139
7 43 0.02265190928788005
8 43 0.12763784169407513
9 43 0.05621765797376409
10 43 0.13486034371886882
11 43 0.9002265922907051
12 43 0.16314556836753677
13 43 0.044222123063904085
14 43 0.049898782340479786
15 43 0.058312253447762016
16 43 0.09515088896632033
17 43 0.16101045665277755
18 43 0.06667609642726492
19 43 0.04075677349362078
20 43 0.1445586189481207
21 43 0.10427799867298664
22 43 0.026722044479775702
23 43 0.045483827556892564
24 43 0.08882377843562904
25 43 0.12992783351263626
26 43 0.9069089132596853
27 43 0.824845516164662
28 43 0.17610114132868016
29 43 0.0649012905680063
30 43 0.11741416494935776
31 43 0.05479470515834822
32 43 0.041137365949731046
33 43 0.010657541058586226
34 43 0.1525189376298185
35 43 0.057716354216208916
36 43 0.08971109863978981
37 43 0.11361503120180276
38 43 0.08906091756484898
39 43 0.04954802189845063
40 43 0.008364381077717774
41 43 0.1372997027843089
42 43 0.023596368997222013
0 44 0.057589669010399976
1 44 0.03508134479410218
2 44 0.06151179680361957
3 44 0.1932188410787023
4 44 0.12152347256810914
5 44 0.15052575843409133
6 44 0.050206501075928424
7 44 0.07792187758708685
8 44 0.04052493922775355
9 44 0.1282469750434804
10 44 0.024305275420742272
11 44 0.9776510433389265
12 44 0.08481118887656403
13 44 0.13577108526494538
14 44 0.047229243936683075
15 44 0.08060426576910576
16 44 0.1824857744961305
17 44 0.19595704907417044
18 44 0.01798431750445599
19 44 0.08925056381452723
20 44 0.02886735481662876
21 44 0.14228239555567615
22 44 0.1641213613173357
23 44 0.11010458566062295
24 44 0.1801426878842692
25 44 0.09754288465437363
26 44 0.19329982152684702
27 44 0.11040339021089493
28 44 0.8292069120933867
29 44 0.06993926560674807
30 44 0.14887169771608677
31 44 0.16965701267886155
32 44 0.032971245499763664
33 44 0.08501397156298406
34 44 0.17908029710742504
35 44 0.13757443611193879
36 44 0.11869618155358382
37 44 0.16805350311213135
38 44 0.1372853329914191
39 44 0.11054585192296293
40 44 0.13813067726129624
41 44 0.09579634144732867
42 44 0.16159990672193764
43 44 0.11744738259152865
0 45 0.09934441426214018
1 45 0.06341362317114539
2 45 0.048536455546863776
3 45 0.1255497518159567
4 45 0.038220628614796526
5 45 0.19922143024368072
6 45 0.04945934115971874
7 45 0.12497506290207418
8 45 0.12426652173614017
9 45 0.04152101757357166
10 45 0.07188597091337234
11 45 0.19570710300768762
12 45 0.05028411510429075
13 45 0.059484262166341624
14 45 0.18803267286659356
15 45 0.0526755875703394
16 45 0.07206874763627165
17 45 0.03335824131521884
18 45 0.0001694968064742452
19 45 0.03293217553603477
20 45 0.10694798701596576
21 45 0.1075477512117142
22 45 0.035743925077472385
23 45 0.046127386403338015
24 45 0.15128095003126366
25 45 0.10861607215091786
26 45 0.024883985103155832
27 45 0.0299823425133995
28 45 0.8906942980592422
29 45 0.07758191265854049
30 45 0.12040827983596214
31 45 0.12159891928432551
32 45 3.722360229296839e-05
33 45 0.1794545155208761
34 45 0.007905817520567513
35 45 0.09222897021922608
36 45 0.19027697229431526
37 45 0.07718324671046849
38 45 0.060934531577321524
39 45 0.021518793275832965
40 45 0.16823357217721774
41 45 0.07387817698354629
42 45 0.06081977604594021
43 45 0.17426418350800837
44 45 0.10442036003260821
0 46 0.13571735780507463
1 46 0.10533845266523634
2 46 0.10266760944959918
3 46 0.07396106246921663
4 46 0.16912169773527164
5 46 0.14483420031593
6 46 0.13767360790789088
7 46 0.05236548768936592
8 46 0.01326859847312258
9 46 0.1263823859608204
10 46 0.13754862162376272
11 46 0.0013848594355407415
12 46 0.19230653573340833
13 46 0.11507470576346976
14 46 0.14811822282526452
15 46 0.16400292964088492
16 46 0.16851411783689568
17 46 0.0073686750721841925
18 46 0.1712982925948628
19 46 0.17046444885785167
20 46 0.0668324071834505
21 46 0.030122545415370176
22 46 0.12595471127729363
23 46 0.15449538906079557
24 46 0.02076962778924418
25 46 0.17967335734281048
26 46 0.1470551808538962
27 46 0.16962654942210803
28 46 0.049443312356735256
29 46 0.18390328006730608
30 46 0.15576807311829854
31 46 0.002683331528063681
32 46 0.12082614299698848
33 46 0.16579370390418857
34 46 0.040422883376942415
35 46 0.18428539863752355
36 46 0.10117703179168436
37 46 0.09460103186472005
38 46 0.1157023740131611
39 46 0.08954160137176391
40 46 0.15496032286768047
41 46 0.09769380707001574
42 46 0.1190254296360432
43 46 0.06469998663053735
44 46 0.08621876181186515
45 46 0.10662536491928347
0 47 0.007155098224774446
1 47 0.026934618956369633
2 47 0.11441081497651608
3 47 0.17895725590360903
4 47 0.17413277169502148
5 47 0.017456930431046097
6 47 0.1236851449500429
7 47 0.06278747277391318
8 47 0.15067150255928635
9 47 0.08270452862593729
10 47 0.0025410483230201334
11 47 0.09852174569351975
12 47 0.14272842084543505
13 47 0.05231197505274202
14 47 0.08292898655370744
15 47 0.0106772053196555
16 47 0.04479703586524623
17 47 0.010337015287870874
18 47 0.15989522980703874
19 47 0.096244670609166
20 47 0.13140143462972767
21 47 0.1805400049818061
22 47 0.09324313314795732
23 47 0.10061744241062656
24 47 0.010909637787259549
25 47 0.09073559082483307
26 47 0.10280822210203056
27 47 0.1537187163182563
28 47 0.1613836064664995
29 47 0.08395090996874313
30 47 0.03174819162379884
31 47 0.12079355673864595
32 47 0.07195389535000135
33 47 0.12377344373104786
34 47 0.1392875367098632
35 47 0.1667197578729763
36 47 0.06280104600760067
37 47 0.06282351854116378
38 47 0.14216480418509264
39 47 0.0914104240026805
40 47 0.11982277241092795
41 47 0.14523623809315478
42 47 0.05990871945438122
43 47 0.13934951089592756
44 47 0.11948541728839696
45 47 0.1173081531654956
46 47 0.8274308969882164
0 48 0.18877043654618025
1 48 0.1499917614659856
2 48 0.18575981665806293
3 48 0.17789403866328857
4 48 0.13713826063941723
5 48 0.06936269940313733
6 48 0.034271671841212
7 48 0.06314750631705686
8 48 0.018299784168926143
9 48 0.19032689177514026
10 48 0.054163247407485356
11 48 0.8344182766901076
12 48 0.10622300900548753
13 48 0.0693878686663812
14 48 0.057142615574429
15 48 0.1757544642734354
16 48 0.028114793071762206
17 48 0.18687282585889606
18 48 0.14441697458925148
19 48 0.1161994994314204
20 48 0.18424877782587232
21 48 0.03672724880867348
22 48 0.0627248852674365
23 48 0.07570515017692254
24 48 0.1252268002388633
25 48 0.9697416783707005
26 48 0.13714552855134382
27 48 0.9240671046071317
28 48 0.049220476754108046
29 48 0.07200209216000703
30 48 0.16957913023946078
31 48 0.05601892831585998
32 48 0.1558314436279594
33 48 0.16219184894551747
34 48 0.029829319661121626
35 48 0.030294741119851656
36 48 0.12290494957338399
37 48 0.0401215522186778
38 48 0.03736416779096949
39 48 0.19087477040187278
40 48 0.18574052001273506
41 48 0.039480950466644474
42 48 0.03380160837370924
43 48 0.04286630589670509
44 48 0.05941299586451828
45 48 0.15872995918689484
46 48 0.06481975061907651
47 48 0.8337347251791862
0 49 0.11954320072955857
1 49 0.0768986455105477
2 49 0.09634629414306708
3 49 0.03529510638420609
4 49 0.12123229690388668
5 49 0.03738121133187561
6 49 0.08285211408395791
7 49 0.04237905105793388
8 49 0.04517568248387928
9 49 0.1022483911043349
10 49 0.1766871804635687
11 49 0.8761719380129758
12 49 0.011537848190152153
13 49 0.12296698802671896
14 49 0.1278452344373375
15 49 0.10655010961825417
16 49 0.10804900668403913
17 49 0.1424477835882034
18 49 0.04394933289094828
19 49 0.17355739381080934
20 49 0.05050925357064323
21 49 0.04239574925664548
22 49 0.18158641827557861
23 49 0.09873792368887709
24 49 0.1277413244529616
25 49 0.09625703111137174
26 49 0.9605869672417195
27 49 0.106749793485449
28 49 0.023760435623783622
29 49 0.014362754109363381
30 49 0.039412925260399315
31 49 0.005241436651315466
32 49 0.1390804672667777
33 49 0.13661110593956283
34 49 0.04180873629291443
35 49 0.15810405910055683
36 49 0.06119066771086024
37 49 0.14618593694062157
38 49 0.13994862398591798
39 49 0.15923261017099644
40 49 0.01728158342457677
41 49 0.1539315535790159
42 49 0.10274633153266728
43 49 0.08988491982902994
44 49 0.09356325969223037
45 49 0.17861948794393787
46 49 0.041076051756971925
47 49 0.11665050558248748
48 49 0.163207677906359
0 50 0.06822890793903612
1 50 0.09572826894067987
2 50 0.09215495490182848
3 50 0.012902373137765297
4 50 0.12882088427087512
5 50 0.09462819683022947
6 50 0.026015119889994803
7 50 0.013976183073894163
8 50 0.18845589160311993
9 50 0.07855700157293302
10 50 0.08365454517537288
11 50 0.15056246619050384
12 50 0.06749448436227284
13 50 0.0836897463807414
14 50 0.1765906372485063
15 50 0.0903149676793207
16 50 0.0017061697889714895
17 50 0.10038725286689938
18 50 0.15149745182383056
19 50 0.06408836012694388
20 50 0.12368155443671708
21 50 0.1837827295805862
22 50 0.1716368150072358
23 50 0.04913800693825933
24 50 0.9641003338847073
25 50 0.16342623418404187
26 50 0.055726172010189555
27 50 0.07953428666067158
28 50 0.0006805952804089353
29 50 0.08400386682829063
30 50 0.1894003540213266
31 50 0.0484448354602285
32 50 0.17682857684350592
33 50 0.021375950624165835
34 50 0.1329424030109631
35 50 0.017888675922667425
36 50 0.10441351858290508
37 50 0.014078408985625398
38 50 0.09763573071500833
39 50 0.08799127371586124
40 50 0.16607995377135135
41 50 0.04217708893073401
42 50 0.18643380664378928
43 50 0.017249857160471557
44 50 0.03620261096927148
45 50 0.11059719529306401
46 50 0.19809861599344467
47 50 0.1580489094087487
48 50 0.12357150745716831
49 50 0.857078182158525
0 51 0.09953112839414249
1 51 0.012275621975765014
2 51 0.13025834664279326
3 51 0.19860928150430737
4 51 0.11055355439943308
5 51 0.1872225570751858
6 51 0.18712723004825635
7 51 0.19222952474099092
8 51 0.04575248635438994
9 51 0.16786850904127312
10 51 0.13047336704243676
11 51 0.8438918024716429
12 51 0.11209802071719456
13 51 0.03485150825636111
14 51 0.00013319929138984053
15 51 0.08618436067601476
16 51 0.06294208441417747
17 51 0.17186097032773087
18 51 0.07470975861163945
19 51 0.057155608632710554
20 51 0.002639979782350976
21 51 0.044686956266594594
22 51 0.056388477124321455
23 51 0.14229354875442127
24 51 0.19771169867030963
25 51 0.149027184208553
26 51 0.9927383632746535
27 51 0.003962075463699398
28 51 0.0070961759287475595
29 51 0.14692894116192964
30 51 0.04355324118995757
31 51 0.03021946135382653
32 51 0.062465211200462695
33 51 0.16682135705115883
34 51 0.018446058600600685
35 51 0.16787892332761375
36 51 0.17180206318511268
37 51 0.11999061069924971
38 51 0.1875327296129318
39 51 0.1949737617667656
40 51 0.10396954641378701
41 51 0.03774838670048543
42 51 0.06984963657369402
43 51 0.12268950156567364
44 51 0.09664063718714497
45 51 0.006469554722214642
46 51 0.085361724772128
47 51 0.19788328030591856
48 51 0.13838224990987752
49 51 0.8490237183594525
50 51 0.009363689848817922
0 52 0.11520105088437504
1 52 0.0589089509592282
2 52 0.021896804348213034
3 52 0.081063047243029
4 52 0.05764573711768749
5 52 0.026419504952166113
6 52 0.15291822699729743
7 52 0.04535203813227601
8 52 0.039965060758658126
9 52 0.07880233988306572
10 52 0.07835479079902424
11 52 0.08830609028908314
12 52 0.06523231007928083
13 52 0.12478325404238516
14 52 0.11339237676182769
15 52 0.19409037169411722
16 52 0.09497115952832935
17 52 0.11496067447453857
18 52 0.08650822114178065
19 52 0.16238273236968367
20 52 0.011991376520477968
21 52 0.10317162215630857
22 52 0.06763932556663504
23 52 0.18883028912877367
24 52 0.1489030025557995
25 52 0.0525135947242383
26 52 0.075782835821108
27 52 0.009661401643271648
28 52 0.09180749859390101
29 52 0.04798179078539614
30 52 0.16975995956871934
31 52 0.07294227990856604
32 52 0.09398991807485398
33 52 0.0063547513083383345
34 52 0.11647632325160158
35 52 0.09465602113437617
36 52 0.15285157319564635
37 52 0.12338604534530692
38 52 0.013543587754447969
39 52 0.9353301093890668
40 52 0.06455110590092615
41 52 0.14490655884167744
42 52 0.15053359219423235
43 52 0.045881338050877074
44 52 0.17195502257815745
45 52 0.1662055541168024
46 52 0.16358160385758314
47 52 0.07483637630333206
48 52 0.1445479687616622
49 52 0.14857826021522813
50 52 0.036903334209396454
51 52 0.9528805111605061
0 53 0.16973546482707894
1 53 0.13611697868396366
2 53 0.042378851980741886
3 53 0.10583126562586251
4 53 0.029395530318245103
5 53 0.045950251589382075
6 53 0.1407684116011715
7 53 0.12379875366436001
8 53 0.12134001285696676
9 53 0.04503987936895787
10 53 0.15650067677728968
11 53 0.12523527675705073
12 53 0.11167026679640736
13 53 0.034299644867548454
14 53 0.17497248968688953
15 53 0.07497176589800617
16 53 0.051969001768929435
17 53 0.1972187698138713
18 53 0.1240754628164234
19 53 0.06247900610330406
20 53 0.1470325863932213
21 53 0.0835182906403438
22 53 0.10023958985387298
23 53 0.040840874713634547
24 53 0.18754403616879334
25 53 0.007871707523709736
26 53 0.15274575455847786
27 53 0.14442565267371482
28 53 0.06526392292707311
29 53 0.03501126402403298
30 53 0.06432835602402028
31 53 0.1873971094717329
32 53 0.03877605331620008
33 53 0.10390119769787251
34 53 0.1514746942509131
35 53 0.10947414713297132
36 53 0.15895239169885325
37 53 0.027190395199121514
38 53 0.057366356305977494
39 53 0.12295999557546611
40 53 0.03332368694803646
41 53 0.17258509681570225
42 53 0.16399882495034068
43 53 0.10985673661588728
44 53 0.025600194341824718
45 53 0.0656759266407748
46 53 0.11323267999133281
47 53 0.020746208908363067
48 53 0.037032971513346405
49 53 0.02378695303268725
50 53 0.07463056183458672
51 53 0.8790737887427974
52 53 0.017881035108816886
0 54 0.08714371343571144
1 54 0.18752398784010882
2 54 0.061663670724868724
3 54 0.01759459934726026
4 54 0.1935684834727569
5 54 0.19846996094506683
6 54 0.18197810398728606
7 54 0.021789744426173648
8 54 0.07913381534072939
9 54 0.15191640147864774
10 54 0.15067561169113364
11 54 0.18883463239969284
12 54 0.12393769238072329
13 54 0.16798007162861378
14 54 0.0032468379750082424
15 54 0.10446110431517056
16 54 0.09583243530175348
17 54 0.014145235688698563
18 54 0.05455188027618144
19 54 0.045700254287148405
20 54 0.003992368311853899
21 54 0.13560438891145937
22 54 0.06678860277887891
23 54 0.05986929085659945
24 54 0.1250271416007942
25 54 0.1109279317267045
26 54 0.834789498019494
27 54 0.009950870032300949
28 54 0.1212028741406248
29 54 0.15437136716783545
30 54 0.17195789175386397
31 54 0.10088644086819484
32 54 0.09571361347716689
33 54 0.149183969748242
34 54 0.14118408963984022
35 54 0.10729476011509238
36 54 0.0577145609247894
37 54 0.0830079580589356
38 54 0.05267810034204431
39 54 0.09820337127125334
40 54 0.07282576380413237
41 54 0.04581869159911504
42 54 0.16205945874160954
43 54 0.11758726805156627
44 54 0.10072619044871586
45 54 0.11659615857519787
46 54 0.027006061021262566
47 54 0.0385927305438292
48 54 0.03950750214976581
49 54 0.9465819190378957
50 54 0.11289355817687334
51 54 0.8986737576618017
52 54 0.09673147116721323
53 54 0.04348491081858533
0 55 0.1351291851462872
1 55 0.1382437435867543
2 55 0.004376344195870007
3 55 0.05575909686648227
4 55 0.05631354772997233
5 55 0.07736737876719746
6 55 0.07469022624364806
7 55 0.09576225097106636
8 55 0.1648638187742269
9 55 0.19620495445797173
10 55 0.15156036571699513
11 55 0.8073086562598674
12 55 0.07395711181487974
13 55 0.031844550799728824
14 55 0.16030509795711176
15 55 0.1867234632507727
16 55 0.8771080264313585
17 55 0.13205206388517246
18 55 0.18899738663316995
19 55 0.12487381576437208
20 55 0.030222176133401116
21 55 0.07873366246517928
22 55 0.024113287940897437
23 55 0.18895145792283935
24 55 0.09492011763127736
25 55 0.8136210443521836
26 55 0.9489351731301974
27 55 0.19649444832396218
28 55 0.13664392358193697
29 55 0.17668674498731737
30 55 0.10417376687902043
31 55 0.13121797070073019
32 55 0.11722570442096647
33 55 0.09405657239488807
34 55 0.0082611362438026
35 55 0.07626871147473156
36 55 0.16880937605654445
37 55 0.07996080779024005
38 55 0.17711462818437515
39 55 0.8559269653533415
40 55 0.09145154811561795
41 55 0.9300845825325421
42 55 0.1157540926035006
43 55 0.015436084407946523
44 55 0.10166840798078183
45 55 0.021984928229186046
46 55 0.014012758118404075
47 55 0.09683899422448247
48 55 0.9201159397387424
49 55 0.9520499889175855
50 55 0.1889977227523031
51 55 0.8772878118935972
52 55 0.15499510703287459
53 55 0.003763128368963974
54 55 0.8773239593918026
0 56 0.0018409372657428587
1 56 0.0693010606405083
2 56 0.06040047804707572
3 56 0.05713677730336494
4 56 0.18203640151742553
5 56 0.11952873690773666
6 56 0.09505189690004612
7 56 0.08409058793818361
8 56 0.03453980118502288
9 56 0.074489734084707
10 56 0.1274069253139889
11 56 0.09537018793610319
12 56 0.07039774069320062
13 56 0.05233293228746218
14 56 0.06181157515412924
15 56 0.12538362928364202
16 56 0.16004338222827103
17 56 0.0619502163720531
18 56 0.044037633502886045
19 56 0.06698475794539126
20 56 0.19798443895824894
21 56 0.1638790488018889
22 56 0.1988873483398245
23 56 0.15806099338719454
24 56 0.07305371181527227
25 56 0.10649985781627933
26 56 0.04526657566920128
27 56 0.03252489070730923
28 56 0.16421144146041933
29 56 0.1869802091126789
30 56 0.1866313509820828
31 56 0.11282191919255548
32 56 0.10114880516076583
33 56 0.14704620764023035
34 56 0.152661960099568
35 56 0.16874238513572293
36 56 0.05082343996340769
37 56 0.04913763073274372
38 56 0.08746142301087301
39 56 0.07262150189560634
40 56 0.0699515097553689
41 56 0.14847170738810295
42 56 0.17543748067581652
43 56 0.06780119113221968
44 56 0.025263118932609723
45 56 0.19587128896584233
46 56 0.13935597434887867
47 56 0.08833335369318356
48 56 0.1053932151603491
49 56 0.8113702248408288
50 56 0.06189833024157035
51 56 0.16746783107409616
52 56 0.051877856790956946
53 56 0.07337606254502776
54 56 0.11876253784741406
55 56 0.914808112629274
0 57 0.09213738523851156
1 57 0.15676503464316463
2 57 0.1342012572046775
3 57 0.14455944257870507
4 57 0.037209933239672026
5 57 0.0668121694685126
6 57 0.0023900786610206778
7 57 0.14961961479197472
8 57 0.057236607084415365
9 57 0.18961308576889957
10 57 0.1565969528128489
11 57 0.17979504783746225
12 57 0.061557805242661884
13 57 0.13732716739054474
14 57 0.006254670615800671
15 57 0.18521316217152525
16 57 0.146853617298335
17 57 0.19048742307725525
18 57 0.043533253600624044
19 57 0.08945103964238717
20 57 0.0687382425881423
21 57 0.08157313289486949
22 57 0.10923164426474812
23 57 0.057941090518778014
24 57 0.058078075564424465
25 57 0.021944041683229405
26 57 0.05387636332618834
27 57 0.1352344772205769
28 57 0.03344359627164798
29 57 0.15975314737877913
30 57 0.14945013033689192
31 57 0.149223971825764
32 57 0.19403502809683196
33 57 0.17293395624754102
34 57 0.16275991276274482
35 57 0.1662331360917968
36 57 0.08712344748298961
37 57 0.00768543839671547
38 57 0.18793182813242557
39 57 0.05539371284081763
40 57 0.04185254036388654
41 57 0.8202982394196241
42 57 0.1300341342584825
43 57 0.11759600769893519
44 57 0.0113921048604219
45 57 0.07612847965277761
46 57 0.06067254905008191
47 57 0.18549706967096855
48 57 0.8741617356765107
49 57 0.10224149393257216
50 57 0.06149880950484404
51 57 0.19044650932156665
52 57 0.011278047842626536
53 57 0.09581025086438262
54 57 0.07998633556262325
55 57 0.8963940465176965
56 57 0.042075723355485185
0 58 0.14069497552861332
1 58 0.017022908267214507
2 58 0.11205703913934803
3 58 0.0830224060554899
4 58 0.17488937057450643
5 58 0.1810013398296372
6 58 0.017126320152339145
7 58 0.10436126980871588
8 58 0.05102107758269886
9 58 0.07459889557741789
10 58 0.05750760025645561
11 58 0.8194926228406493
12 58 0.18981221346335447
13 58 0.17311054966536882
14 58 0.11650421155328902
15 58 0.011384355610575733
16 58 0.03032796145232412
17 58 0.11282849606083269
18 58 0.10381484710609037
19 58 0.07259113799473714
20 58 0.12945273963273182
21 58 0.18036373267417224
22 58 0.05203056338265118
23 58 0.09274459507251864
24 58 0.1323227353564427
25 58 0.06773402507410911
26 58 0.09746718424805172
27 58 0.8812010771826067
28 58 0.04799179989662074
29 58 0.07408061112571912
30 58 0.17014959941834534
31 58 0.17698743423928115
32 58 0.020204818316755243
33 58 0.014074140556703816
34 58 0.04183450296118759
35 58 0.1642904819869193
36 58 0.0015115778614815498
37 58 0.08885247408780343
38 58 0.12487519914195604
39 58 0.1448907532747965
40 58 0.18775701044047688
41 58 0.12429328775857129
42 58 0.126278225652086
43 58 0.1727117172330363
44 58 0.1676485015365747
45 58 0.07519795853659983
46 58 0.0054086058421476835
47 58 0.1367652519980441
48 58 0.8957564029368852
49 58 0.13654552564810854
50 58 0.16298331644423106
51 58 0.19993853916833487
52 58 0.09228403680839957
53 58 0.022692408216776223
54 58 0.1326623227652171
55 58 0.9111817672545043
56 58 0.15603669081468347
57 58 0.9609224029985514
0 59 0.1468570265821726
1 59 0.02402271593298368
2 59 0.09006866476104372
3 59 0.15623130766972781
4 59 0.12988402308230404
5 59 0.03254475168697443
6 59 0.12280875312567927
7 59 0.06600326152671956
8 59 0.1014742503661776
9 59 0.03593874457304355
10 59 0.19256329765957866
11 59 0.09267246868625463
12 59 0.17307606671518047
13 59 0.11476090515387431
14 59 0.053453922256318606
15 59 0.19574641005896018
16 59 0.1755684301321053
17 59 0.14032012044431186
18 59 0.08433427548856202
19 59 0.12205345058449191
20 59 0.07871440861830598
21 59 0.024692179153124112
22 59 0.1112437255513482
23 59 0.16114126278972152
24 59 0.07544863537888591
25 59 0.06004422127985885
26 59 0.13163356431908022
27 59 0.16061065062713226
28 59 0.18767845011965867
29 59 0.09896767994779779
30 59 0.09016215280360283
31 59 0.010321548072528849
32 59 0.1842440747272391
33 59 0.09703219159049892
34 59 0.07699318274439448
35 59 0.0920378715263264
36 59 0.04114810024396
37 59 0.04666736102288408
38 59 0.09982292922113141
39 59 0.16605261580161695
40 59 0.11761034129742938
41 59 0.15821434821922659
42 59 0.01735641395513949
43 59 0.13349715220517447
44 59 0.00016196418014304822
45 59 0.10805920171807994
46 59 0.003560742741071609
47 59 0.006598539916668521
48 59 0.9214747274746423
49 59 0.0345083065362435
50 59 0.1708340194800195
51 59 0.11656752807877317
52 59 0.07708508360642785
53 59 0.14092416242502487
54 59 0.15771939741482477
55 59 0.883472703643761
56 59 0.011898362807173643
57 59 0.9111705832004959
58 59 0.9884722887203599
0 60 0.1811164428563834
1 60 0.08238123261569667
2 60 0.16521481096859844
3 60 0.023067988993766848
4 60 0.18619218325237377
5 60 0.17278815935490952
6 60 0.15874962700903833
7 60 0.02214270013879027
8 60 0.04258462808881219
9 60 0.01315536624192721
10 60 0.1544704449528697
11 60 0.1923193357283018
12 60 0.14658705756219703
13 60 0.010216574028443068
14 60 0.034400198825057376
15 60 0.10126242163119956
16 60 0.022811574805529283
17 60 0.07376976897035262
18 60 0.0278308596725286
19 60 0.06645826201362831
20 60 0.030034265520745767
21 60 0.14637405078585863
22 60 0.17305617794173747
23 60 0.14246537805326942
24 60 0.15521816823581547
25 60 0.07062952913177907
26 60 0.12914232393445765
27 60 0.004088412756132008
28 60 0.14080495798846435
29 60 0.16084018176825476
30 60 0.12326847144038544
31 60 0.1551610036927853
32 60 0.0974351052080908
33 60 0.03859646796560742
34 60 0.1271776314072667
35 60 0.030733178034533074
36 60 0.004279954430820076
37 60 0.024888527821078792
38 60 0.13584936993464983
39 60 0.16510992854117798
40 60 0.08715232716460482
41 60 0.12919200465118555
42 60 0.12666443110030695
43 60 0.17446276074204461
44 60 0.012337599102456484
45 60 0.14510693750092177
46 60 0.11110379433130753
47 60 0.17741519262537925
48 60 0.8065694915326539
49 60 0.029985009636297903
50 60 0.0415406502338448
51 60 0.07795686191935816
52 60 0.16869674942416743
53 60 0.04315207648059615
54 60 0.18070802348760504
55 60 0.05950684964478768
56 60 0.027242959041295783
57 60 0.16185438009124758
58 60 0.9760000224278333
59 60 0.9246542353532922
0 61 0.14739115795433944
1 61 0.06445743781144893
2 61 0.18842652679225785
3 61 0.04778041778843273
4 61 0.026401298452883477
5 61 0.1911990562881147
6 61 0.19929531418615726
7 61 0.12676541253535903
8 61 0.051901290067763464
9 61 0.03338283050943317
10 61 0.1706374970200385
11 61 0.06509337021283969
12 61 0.17923960518234658
13 61 0.01605172877639533
14 61 0.07992899459622382
15 61 0.16985513619228174
16 61 0.1350649268186754
17 61 0.0645619965842951
18 61 0.04714684077094754
19 61 0.03573438189325084
20 61 0.0059512323024831105
21 61 0.06470866820934598
22 61 0.019547552341920446
23 61 0.15729969897867135
24 61 0.15825809104192234
25 61 0.12398917667191905
26 61 0.021786780537130696
27 61 0.0421179612327342
28 61 0.16793888195898374
29 61 0.17246453007622428
30 61 0.09686488975266835
31 61 0.0904264025683893
32 61 0.06086622748128326
33 61 0.045897296616205084
34 61 0.010329655177832773
35 61 0.1433301863887874
36 61 0.1540271964778438
37 61 0.027967810554811737
38 61 0.06640445332238071
39 61 0.10392124556185178
40 61 0.007620696876648901
41 61 0.0684615968840326
42 61 0.14717924052890485
43 61 0.18622334830062223
44 61 0.0343656613795016
45 61 0.0903373477370241
46 61 0.07413947825769532
47 61 0.03784302197197901
48 61 0.8276589661106284
49 61 0.18936287714897854
50 61 0.10926050947972914
51 61 0.0722496888911207
52 61 0.05964589764325695
53 61 0.19247593945485905
54 61 0.13593648470729483
55 61 0.9471238244888102
56 61 0.1567567232479642
57 61 0.8146952099510811
58 61 0.890560362317648
59 61 0.9489352591046492
60 61 0.8492476457310693
0 62 0.16332754362102392
1 62 0.16228964185596437
2 62 0.0822155583301397
3 62 0.04445268064259757
4 62 0.18134465397076252
5 62 0.019772247210614297
6 62 0.06169843451797593
7 62 0.1910914326795597
8 62 0.009512272918402152
9 62 0.030681535529196273
10 62 0.17254652698058198
11 62 0.023659189807953625
12 62 0.07430679639457778
13 62 0.18536907776621633
14 62 0.0852468641328789
15 62 0.14604988401931168
16 62 0.12619962616142014
17 62 0.08452632223642591
18 62 0.028995970056204794
19 62 0.058794274255935426
20 62 0.06405969511046493
21 62 0.10904749174244852
22 62 0.19206804967980018
23 62 0.11595565659672169
24 62 0.019983262607548676
25 62 0.12745673919153652
26 62 0.03432094455157223
27 62 0.07668221237707025
28 62 0.014739748908770342
29 62 0.19746900490850341
30 62 0.15350976375435735
31 62 0.1560442400013025
32 62 0.16499453876159817
33 62 0.18228672239782268
34 62 0.07503433839899024
35 62 0.04733201849171377
36 62 0.1382867559102321
37 62 0.1242229853564698
38 62 0.009151781341029383
39 62 0.08272421802395509
40 62 0.1425731053079513
41 62 0.8459423803169277
42 62 0.009283380512520353
43 62 0.18517232635025768
44 62 0.042978072296090845
45 62 0.13239493653066314
46 62 0.0844038076309899
47 62 0.14998221609822626
48 62 0.8027154991843226
49 62 0.11790948507882605
50 62 0.11608775180755568
51 62 0.1452435406314112
52 62 0.15782582093911218
53 62 0.003799460131081144
54 62 0.07039458423583851
55 62 0.8354703412154104
56 62 0.029994144792019065
57 62 0.9395309280713673
58 62 0.9561279889140629
59 62 0.8775182005091651
60 62 0.9623758542581435
61 62 0.9728524392823892
0 63 0.10163105079799102
1 63 0.021339182359664383
2 63 0.13432474312113302
3 63 0.11305890902642841
4 63 0.1933345670687805
5 63 0.06727550070362444
6 63 0.07887997899993293
7 63 0.09134032532651963
8 63 0.0619536832769762
9 63 0.04768336141325204
10 63 0.08406333307474707
11 63 0.13390075113598193
12 63 0.04846374661695635
13 63 0.1773314062017867
14 63 0.18494662430302106
15 63 0.025418059043092862
16 63 0.07145887093952363
17 63 0.11062106101055526
18 63 0.048629169099251114
19 63 0.19205687737308608
20 63 0.040698533685401383
21 63 0.11943248030580439
22 63 0.0720981144343495
23 63 0.12973749761987366
24 63 0.1774394769210754
25 63 0.1365483167573166
26 63 0.07326625035143944
27 63 0.06735222119203778
28 63 0.13336550808711473
29 63 0.018235791230664763
30 63 0.16831017785212055
31 63 0.15562855934130268
32 63 0.06572940879199991
33 63 0.056432763133061815
34 63 0.11500289632106371
35 63 0.13947230575756556
36 63 0.034675482665997126
37 63 0.0525233592957146
38 63 0.09282103016953351
39 63 0.053527433112418976
40 63 0.02232365676751839
41 63 0.0800874654601646
42 63 0.1082097810821235
43 63 0.10505324421985018
44 63 0.06459220001377948
45 63 0.09809465532202585
46 63 0.1981203910703156
47 63 0.13509189161088417
48 63 0.8171963829116534
49 63 0.07378680547729205
50 63 0.16705818394168584
51 63 0.045794117007096936
52 63 0.17238573880002966
53 63 0.12205846345092791
54 63 0.16498527470612287
55 63 0.9227292698430287
56 63 0.012657882550527553
57 63 0.9860606135164476
58 63 0.8914056133369058
59 63 0.8214655441599007
60 63 0.9628306403141439
61 63 0.8326108744219133
62 63 0.827912016414934
0 64 0.16862733573231284
1 64 0.11432957765456597
2 64 0.01872499174269004
3 64 0.0470784078836009
4 64 0.011734721088617192
5 64 0.02857721155983334
6 64 0.16390853517289997
7 64 0.16883753234880242
8 64 0.08908716556672372
9 64 0.05731592049750008
10 64 0.1403230617109995
11 64 0.9076239877500708
12 64 0.13769659617845487
13 64 0.15672324153191153
14 64 0.16480297688977966
15 64 0.006412146862328515
16 64 0.06762587199647839
17 64 0.01760546092178658
18 64 0.03358659272615924
19 64 0.129081328400007
20 64 0.0872468789519056
21 64 0.04945424594909341
22 64 0.08335164205245518
23 64 0.14969484422544524
24 64 0.0664695542761638
25 64 0.11972140769613776
26 64 0.005981331127228227
27 64 0.16635736848841662
28 64 0.02414218269539496
29 64 0.1417357127767741
30 64 0.016326950066886066
31 64 0.16488769596889252
32 64 0.17738890681017258
33 64 0.134318969696567
34 64 0.03505926866521733
35 64 0.0732282941477807
36 64 0.03985543836664466
37 64 0.09602552570663088
38 64 0.08299639668436298
39 64 0.03500974494093271
40 64 0.0012357653523901388
41 64 0.09362492798161932
42 64 0.11375193021356297
43 64 0.040297209010793866
44 64 0.04033668699437226
45 64 0.032294171165415636
46 64 0.07990364427703676
47 64 0.007517563149474891
48 64 0.9147854990312233
49 64 0.07675738586539488
50 64 0.17832177570039817
51 64 0.1757694194141544
52 64 0.04936351924928785
53 64 0.170471400723714
54 64 0.18104518498677433
55 64 0.9642624579373322
56 64 0.15583347682955
57 64 0.8619984185844602
58 64 0.9716424632322473
59 64 0.9565903863613787
60 64 0.8194210793597231
61 64 0.824143045692993
62 64 0.9475170181064013
63 64 0.9658076682824847
0 65 0.10018853318491568
1 65 0.036318455555457735
2 65 0.10198354325157673
3 65 0.028798197965699816
4 65 0.09919717741046825
5 65 0.11045038658212145
6 65 0.030178243063703685
7 65 0.15478272725769307
8 65 0.10342816390492035
9 65 0.13157121843545447
10 65 0.18050064320907808
11 65 0.15629015235861043
12 65 0.12199579657993433
13 65 0.05038631914554231
14 65 0.16713391631357352
15 65 0.11535624966905479
16 65 0.12841807393965005
17 65 0.07691812411351565
18 65 0.017090876272413454
19 65 0.10620155772386038
20 65 0.09169573144544266
21 65 0.1700389777694213
22 65 0.02493168157686702
23 65 0.01721339192665769
24 65 0.08786730174384631
25 65 0.048459965051161624
26 65 0.09257420502197343
27 65 0.1769215855524976
28 65 0.17416823240690898
29 65 0.16815497976593768
30 65 0.08864515913489422
31 65 0.012455131999206979
32 65 0.03832504433466725
33 65 0.039274697874978476
34 65 0.11206883609539393
35 65 0.1585943190786202
36 65 0.031223467905189855
37 65 0.19917482887850801
38 65 0.18248347078020266
39 65 0.17609470092785492
40 65 0.18977230504681364
41 65 0.10952251821682224
42 65 0.05195423788584267
43 65 0.10352857868413372
44 65 0.04485520495870624
45 65 0.11748638602221137
46 65 0.09870013225454921
47 65 0.1461669654273248
48 65 0.928497321200986
49 65 0.08328086821565493
50 65 0.10866377931019156
51 65 0.11260180758639979
52 65 0.08876173581282616
53 65 0.11031556405768536
54 65 0.1288675906826628
55 65 0.9455474565721859
56 65 0.0006055747670029364
57 65 0.8661395897834847
58 65 0.8102812589216354
59 65 0.9781986167315473
60 65 0.9168836748301075
61 65 0.8350879796142082
62 65 0.8960916013780862
63 65 0.8654831834392902
64 65 0.9565908360419492
0 66 0.19168895187596485
1 66 0.09833841147529361
2 66 0.17954906790195146
3 66 0.0795153415534246
4 66 0.09986938877000377
5 66 0.03558199516263047
6 66 0.18891122792482776
7 66 0.07007274778182833
8 66 0.07148133352655375
9 66 0.11505171239204527
10 66 0.18346394799378307
11 66 0.046758976681569246
12 66 0.18301109992212528
13 66 0.14448904119798842
14 66 0.02447233765644143
15 66 0.044658256597631396
16 66 0.09406265345794033
17 66 0.011053298222632322
18 66 0.12167644270712416
19 66 0.15292870055561997
20 66 0.02686099363084066
21 66 0.04953587445354587
22 66 0.10183304191078968
23 66 0.12779964196713417
24 66 0.03930280471874229
25 66 0.021146532871313423
26 66 0.1383078405014433
27 66 0.06750654538246273
28 66 0.10548599402638828
29 66 0.13471273575459955
30 66 0.16723633121543763
31 66 0.11542393598944427
32 66 0.07663181847567252
33 66 0.08471151089239075
34 66 0.12337359593018886
35 66 0.13091766293336007
36 66 0.1034074587533054
37 66 0.1990506227385863
38 66 0.10295816470205017
39 66 0.052410501342707624
40 66 0.18028016377047867
41 66 0.0010625993899518568
42 66 0.021646659950436326
43 66 0.18314807865755484
44 66 0.1242080143364222
45 66 0.022997870899909695
46 66 0.02645145415523937
47 66 0.18730184953271165
48 66 0.9482120805831251
49 66 0.006603153062297172
50 66 0.052741094979213296
51 66 0.029275904446762306
52 66 0.18259136981183607
53 66 0.11828723420484384
54 66 0.0756802209034785
55 66 0.1385930598010094
56 66 0.14415504486473496
57 66 0.0012296801810766753
58 66 0.8572636942602236
59 66 0.8569914161516001
60 66 0.963294878430654
61 66 0.8425367281098664
62 66 0.8128002696725872
63 66 0.8731928616694726
64 66 0.8290359586349207
65 66 0.9010687728050969
0 67 0.14619453314192796
1 67 0.08484732980568992
2 67 0.13750968724671062
3 67 0.17810990833129683
4 67 0.1693979174188038
5 67 0.04760149395004441
6 67 0.1942859882548807
7 67 0.06524508212574519
8 67 0.14609546345888208
9 67 0.19076107671108686
10 67 0.08233414458424947
11 67 0.09348149009148161
12 67 0.17096223348209183
13 67 0.08842110398754939
14 67 0.06647167581196829
15 67 0.18467058648362084
16 67 0.07877151364293576
17 67 0.15811346738913756
18 67 0.17621896034557258
19 67 0.1568005499818637
20 67 0.024209150729937297
21 67 0.1387064165889786
22 67 0.1393576243096449
23 67 0.03756432599214485
24 67 0.09127112365485068
25 67 0.17097743409337296
26 67 0.004396934817601616
27 67 0.12950557598505044
28 67 0.19065516856747858
29 67 0.08165928672842925
30 67 0.09774527139974662
31 67 0.1619447589918111
32 67 0.10262613156553209
33 67 0.19081940943725112
34 67 0.10328181555507107
35 67 0.00856483403238164
36 67 0.10032323254183491
37 67 0.08460331170015525
38 67 0.1726071111014564
39 67 0.0039700845223806114
40 67 0.14984726591653438
41 67 0.06759003740704984
42 67 0.07743197852077402
43 67 0.011349616329475619
44 67 0.03217354609603366
45 67 0.17611185387007738
46 67 0.166909349339149
47 67 0.00660701764305902
48 67 0.12939238926078214
49 67 0.034921201707860006
50 67 0.17798213476111457
51 67 0.05493790309531964
52 67 0.19502440366972187
53 67 0.09949370990647133
54 67 0.14705899366614023
55 67 0.15766367122321706
56 67 0.1402284222973655
57 67 0.986099612714341
58 67 0.1631009281394684
59 67 0.07683694059325981
60 67 0.05772859033149534
61 67 0.06462115907510711
62 67 0.19246456085266866
63 67 0.0009478115837079357
64 67 0.08755641505715732
65 67 0.0027670662461859
66 67 0.008235579654713242
0 68 0.13069812577110854
1 68 0.12337058387408462
2 68 0.07690509296004158
3 68 0.12318120643971425
4 68 0.11430887097105137
5 68 0.1706354088517967
6 68 0.1490259859391289
7 68 0.0684513738194119
8 68 0.0273125669390686
9 68 0.1858944998821419
10 68 0.02032715139884029
11 68 0.9325845648066465
12 68 0.045991674765473244
13 68 0.1075034166430955
14 68 0.0463530034826411
15 68 0.1690187012827858
16 68 0.1209099513283195
17 68 0.18743052635904334
18 68 0.19749247758206295
19 68 0.19625322421173824
20 68 0.18069462338314424
21 68 0.08444621307730814
22 68 0.15621401058941708
23 68 0.11960303832364622
24 68 0.8289123005497696
25 68 0.9161681929596253
26 68 0.19667962349547835
27 68 0.8226264053692727
28 68 0.11946772282417677
29 68 0.07134092498010797
30 68 0.1903466797775064
31 68 0.09586484101367732
32 68 0.059834594400560236
33 68 0.007494701839394933
34 68 0.09217084626933177
35 68 0.012317261321663284
36 68 0.13778276975831394
37 68 0.0953517653439812
38 68 0.023015234460436646
39 68 0.01005123754276813
40 68 0.0335659060211328
41 68 0.9419891533664987
42 68 0.08023705270347144
43 68 0.18214673408927237
44 68 0.004143803465401151
45 68 0.1293937789400873
46 68 0.05653155797065318
47 68 0.13215164933205828
48 68 0.9446592819019627
49 68 0.12486575695833
50 68 0.15864391120375515
51 68 0.03584134435840752
52 68 0.06597618274761446
53 68 0.05713128276591103
54 68 0.020617126240087463
55 68 0.059673696380529495
56 68 0.07156232026749805
57 68 0.11530085543830867
58 68 0.14191323750617826
59 68 0.036660225627606305
60 68 0.03741250298891631
61 68 0.007759970395531844
62 68 0.12133891362678648
63 68 0.1771891755105274
64 68 0.17208452918710698
65 68 0.012796815429432026
66 68 0.08713976345983931
67 68 0.16385062171214448
0 69 0.06660962919710452
1 69 0.014573019996436962
2 69 0.1430805244839681
3 69 0.11156081392338632
4 69 0.04622294217520014
5 69 0.10159310751895637
6 69 0.1324222481036134
7 69 0.08494361337087518
8 69 0.14853720515664193
9 69 0.06463236713696721
10 69 0.0054143322461298144
11 69 0.9617028550214688
12 69 0.1503848413588521
13 69 0.1821571528558213
14 69 0.178805041142743
15 69 0.1550581780511388
16 69 0.01631324862132801
17 69 0.1578481608905816
18 69 0.012420904000878271
19 69 0.10475018572587387
20 69 0.12656949249718136
21 69 0.0676877437934136
22 69 0.06041770615660397
23 69 0.17122530687543208
24 69 0.859565883814214
25 69 0.8612968029214021
26 69 0.0259162182932616
27 69 0.876982202721691
28 69 0.0699536027297295
29 69 0.13780539732167907
30 69 0.19694706866077077
31 69 0.17173609655215683
32 69 0.10372915513706164
33 69 0.029500709018610297
34 69 0.15296647965957855
35 69 0.1776373489514322
36 69 0.1314950909296317
37 69 0.1948508320934212
38 69 0.04079839887327041
39 69 0.06438508429799562
40 69 0.16153410079063135
41 69 0.8661424517308102
42 69 0.11687789822097013
43 69 0.19666935773416358
44 69 0.047729490250555714
45 69 0.038943509283910493
46 69 0.019969698982527668
47 69 0.17382133180240222
48 69 0.9909503408213223
49 69 0.08129238470945264
50 69 0.008752811237128209
51 69 0.0597682213436027
52 69 0.14391445112116638
53 69 0.006524183714907615
54 69 0.04155095039748215
55 69 0.13877409410136377
56 69 0.13062662474938055
57 69 0.10844309440248001
58 69 0.18569644406511773
59 69 0.1924270866100148
60 69 0.0975937695340312
61 69 0.026110653106472266
62 69 0.0750796345672788
63 69 0.14788767462936947
64 69 0.17699429894546523
65 69 0.027490133221918973
66 69 0.1616857513334743
67 69 0.06978943755241424
68 69 0.9405898518718979
0 70 0.07325234886577046
1 70 0.10094895846667026
2 70 0.06765321262940818
3 70 0.018982316028835128
4 70 0.1631495329899319
5 70 0.10995509807493935
6 70 0.07129138741951696
7 70 0.17738121896367978
8 70 0.1319624923584833
9 70 0.13927110153393035
10 70 0.18370329097287663
11 70 0.9454661287446312
12 70 0.04166940810113481
13 70 0.18310170303614115
14 70 0.031389466334050924
15 70 0.11985124997013731
16 70 0.12634297907874573
17 70 0.08290329222273872
18 70 0.1659227264294164
19 70 0.15106887088835533
20 70 0.040930988824046256
21 70 0.0055736819931014635
22 70 0.14952565027810052
23 70 0.08966166525984241
24 70 0.8318347163961259
25 70 0.8152078022685779
26 70 0.061662670273269826
27 70 0.9319437608251084
28 70 0.12617616912320154
29 70 0.05160747900924315
30 70 0.1471537872801415
31 70 0.0033622664377899393
32 70 0.04604001787478825
33 70 0.03310882669375614
34 70 0.06757623565586422
35 70 0.12066012233370295
36 70 0.057647333580674365
37 70 0.14611725881229573
38 70 0.10237812072097255
39 70 0.011073410419906213
40 70 0.008976327216599798
41 70 0.9894107102783782
42 70 0.01774926322484309
43 70 0.163662630265681
44 70 0.12024320635841967
45 70 0.04815232526315977
46 70 0.17807669112730412
47 70 0.13118631178151144
48 70 0.0285196088541594
49 70 0.024308408470421834
50 70 0.10271755823552302
51 70 0.03200725072193486
52 70 0.17641507254750333
53 70 0.07611080546691085
54 70 0.15296264573276874
55 70 0.09257448143587166
56 70 0.030117997630531284
57 70 0.12676994830719832
58 70 0.8731379114701627
59 70 0.09666820016601504
60 70 0.18253225752359453
61 70 0.19962258094448984
62 70 0.020358843605792317
63 70 0.15103792015323006
64 70 0.12262822000072897
65 70 0.008253161222803994
66 70 0.19728152345827538
67 70 0.08036552685490138
68 70 0.9995191054886337
69 70 0.8198703011707751
0 71 0.06081415815095691
1 71 0.19989056847336947
2 71 0.1568999037731804
3 71 0.05737474374810533
4 71 0.03759683701554816
5 71 0.10590771205832476
6 71 0.13611602275369675
7 71 0.04539211603699115
8 71 0.19275253300547474
9 71 0.04757528576324989
10 71 0.06233298338027041
11 71 0.8236432089463729
12 71 0.022551740034021422
13 71 0.17421114616900837
14 71 0.07653052823826001
15 71 0.07000880162912171
16 71 0.18996186872397153
17 71 0.001979746544665661
18 71 0.09133438282486746
19 71 0.19788817135771225
20 71 0.19272014958236203
21 71 0.1555936997855352
22 71 0.07039621688444653
23 71 0.18406600309519858
24 71 0.15073767976411367
25 71 0.8101676097655189
26 71 0.19648185023961187
27 71 0.824899830110891
28 71 0.18563123717089355
29 71 0.08996693992013123
30 71 0.02158847008201576
31 71 0.0017400437693335876
32 71 0.0972787739630748
33 71 0.1865253668523213
34 71 0.1244840743517928
35 71 0.04125485750790218
36 71 0.19986014013344805
37 71 0.1475015524521328
38 71 0.16819303691622647
39 71 0.0031269685599343727
40 71 0.01073174364857332
41 71 0.8594571762976057
42 71 0.14920433169598268
43 71 0.06097360715082177
44 71 0.056472782131205865
45 71 0.05800641204808819
46 71 0.028663292764553254
47 71 0.022171651565333777
48 71 0.8862609227173369
49 71 0.19527071501968163
50 71 0.015342130120938387
51 71 0.05399564391818069
52 71 0.1544219622721129
53 71 0.09940427530186224
54 71 0.057995619538356934
55 71 0.16827227489509675
56 71 0.17852606839789154
57 71 0.14895633950458453
58 71 0.01727938786077647
59 71 0.1726264686927737
60 71 0.12718121474621094
61 71 0.09532163361054632
62 71 0.1578883523824272
63 71 0.12196921072734768
64 71 0.0900076723093824
65 71 0.1960788832912114
66 71 0.022922635323244827
67 71 0.140687848645668
68 71 0.9240028015480982
69 71 0.8652221017150709
70 71 0.8876620297174715
0 72 0.1838246766851793
1 72 0.13936757007415546
2 72 0.021926999706113556
3 72 0.15060944231569548
4 72 0.11381178656076163
5 72 0.06414575613107419
6 72 0.18467904444339014
7 72 0.19628840357852156
8 72 0.04514682983783679
9 72 0.1432043676547314
10 72 0.14506819394040923
11 72 0.9401781128357906
12 72 0.13514599008797681
13 72 0.09793067850745354
14 72 0.005422377566875046
15 72 0.14073959043278325
16 72 0.03778127234316506
17 72 0.07122101474049765
18 72 0.04948200611793611
19 72 0.029592423725643496
20 72 0.0734589895767583
21 72 0.07083079288539176
22 72 0.018337308921483615
23 72 0.10656845162626917
24 72 0.1252489924356855
25 72 0.0288983162761883
26 72 0.9514045769058818
27 72 0.8091123532823302
28 72 0.028520404297372366
29 72 0.06246522169378033
30 72 0.1149547834796757
31 72 0.041021746929404135
32 72 0.14751384559146222
33 72 0.16946815524204376
34 72 0.02264644346613471
35 72 0.1184961277539085
36 72 0.04175450001649944
37 72 0.035037190613769455
38 72 0.16491921361331255
39 72 0.13931590763832966
40 72 0.10088906069462227
41 72 0.1401474578342252
42 72 0.07856195154549737
43 72 0.16841836771100227
44 72 0.1829434497258709
45 72 0.15576633511533614
46 72 0.11041017698530865
47 72 0.04950655372142719
48 72 0.11414477462150156
49 72 0.1574062128702168
50 72 0.07430246781273382
51 72 0.1166221952878392
52 72 0.045090533829922196
53 72 0.1306782529146996
54 72 0.059418811793045964
55 72 0.01719461723320705
56 72 0.19984461343321117
57 72 0.16018160352547112
58 72 0.19835544938751287
59 72 0.0696374827961698
60 72 0.10042752206117825
61 72 0.13715601752834772
62 72 0.062412642156281804
63 72 0.140219556026812
64 72 0.06913170084126907
65 72 0.1255628345624278
66 72 0.07765014504441521
67 72 0.1428499887270234
68 72 0.11636979868684634
69 72 0.12580763124430305
70 72 0.07253388082548798
71 72 0.05192365019494115
0 73 0.15146922697964435
1 73 0.14315770645531278
2 73 0.18637687143495724
3 73 0.05557885556194183
4 73 0.024787937758099326
5 73 0.15217257321495814
6 73 0.06687488403450306
7 73 0.034187911833633046
8 73 0.10339281575858054
9 73 0.1382343053438879
10 73 0.06557751374069089
11 73 0.08453715423160035
12 73 0.16691747946710112
13 73 0.0006527490717966876
14 73 0.06673491909542079
15 73 0.005336328857132265
16 73 0.004828759858397057
17 73 0.0747369944617047
18 73 0.001908215881935837
19 73 0.11796377053507591
20 73 0.07838001159776611
21 73 0.11036391977432665
22 73 0.13470901867071644
23 73 0.1863510706963249
24 73 0.05892645037795766
25 73 0.14076366705004395
26 73 0.03275886140097414
27 73 0.18149490199680604
28 73 0.1705158782056177
29 73 0.03511589155534457
30 73 0.11082315503075997
31 73 0.18862803863032807
32 73 0.005420503349592364
33 73 0.10520654640378524
34 73 0.1646079262964819
35 73 0.06112164709046025
36 73 0.0812359351049044
37 73 0.11201037078376386
38 73 0.005900339663502384
39 73 0.14186891041554311
40 73 0.024297294363946335
41 73 0.030422894003725037
42 73 0.1727253384900875
43 73 0.16997052025495926
44 73 0.06717248257040204
45 73 0.08796684503250428
46 73 0.17719890891187015
47 73 0.07618688585520975
48 73 0.8490120102560419
49 73 0.11363576682844038
50 73 0.021453214658619307
51 73 0.1244478550028495
52 73 0.15475493231744483
53 73 0.05386539341178441
54 73 0.0007496295296425924
55 73 0.003830178689134444
56 73 0.19468739263670304
57 73 0.07020477059210634
58 73 0.0295468780617343
59 73 0.07576116152671793
60 73 0.17940830911172082
61 73 0.11235191333750212
62 73 0.04942553304010503
63 73 0.0654845659064949
64 73 0.0554607173987142
65 73 0.13084325571591676
66 73 0.1556078988345459
67 73 0.06653158838218652
68 73 0.006324099157313688
69 73 0.020449679183080577
70 73 0.04213219941295506
71 73 0.011112796653121945
72 73 0.06398873953333072
0 74 0.12150664764212124
1 74 0.18324986668478394
2 74 0.15546622116599543
3 74 0.07573033164731978
4 74 0.015903487818000148
5 74 0.08519780735799357
6 74 0.09404919195492463
7 74 0.07042491937955744
8 74 0.17549195090748151
9 74 0.03389445104827996
10 74 0.16366326545408455
11 74 0.010398231747791174
12 74 0.1890517661827112
13 74 0.023729302384158373
14 74 0.0985021486718132
15 74 0.10754768861575056
16 74 0.16248960461608608
17 74 0.07460761046077385
18 74 0.06926213663167609
19 74 0.15362574905368814
20 74 0.15220142310243553
21 74 0.039915616817348044
22 74 0.09696125024340854
23 74 0.13849686817589274
24 74 0.10257871492773156
25 74 0.09845146982657889
26 74 0.11792254210775711
27 74 0.13216235357169537
28 74 0.16067496102755283
29 74 0.07918555485476297
30 74 0.013365484228080057
31 74 0.030123897806737937
32 74 0.06927495069902836
33 74 0.12543349607174534
34 74 0.09945249367909507
35 74 0.17990729647083759
36 74 0.0028130554870975594
37 74 0.07991670688203907
38 74 0.11278313254537102
39 74 0.13114862671703162
40 74 0.0872089214843218
41 74 0.17039667488842306
42 74 0.13540796508327685
43 74 0.053380665096935474
44 74 0.13569008066761148
45 74 0.03466280102528675
46 74 0.07211447547447403
47 74 0.09568527226557025
48 74 0.9712596813169208
49 74 0.021422214527638168
50 74 0.1989405007672939
51 74 0.08676233054082039
52 74 0.15908106390925653
53 74 0.049576974357780246
54 74 0.15335671670158
55 74 0.09464199317283847
56 74 0.11877740424625606
57 74 0.15560136541333006
58 74 0.013638859014424517
59 74 0.04455795393607339
60 74 0.09338476794255844
61 74 0.16863851838208482
62 74 0.18233226213320405
63 74 0.19379373186085605
64 74 0.06376038100458538
65 74 0.04967097036882874
66 74 0.15966510532912392
67 74 0.15144518712585558
68 74 0.06998998195643347
69 74 0.19607189855812418
70 74 0.1797776207547917
71 74 0.0016566838811915782
72 74 0.053540911647055156
73 74 0.9084122502899168
0 75 0.15254524929784788
1 75 0.09175871010081807
2 75 0.06229046612210077
3 75 0.1490592740650239
4 75 0.09271471177239295
5 75 0.01916828055711441
6 75 0.015553787163743534
7 75 0.07916567713773776
8 75 0.1589411242194174
9 75 0.09165534577533378
10 75 0.08308622681100007
11 75 0.18348653318763022
12 75 0.17498994583203561
13 75 0.07460594770879614
14 75 0.12261526608526807
15 75 0.15372692586565245
16 75 0.17273952068961362
17 75 0.08865247660695963
18 75 0.16552495286047825
19 75 0.0983636882915867
20 75 0.18553415216983235
21 75 0.17275360157071115
22 75 0.01259893724751233
23 75 0.10138426945774395
24 75 0.11756541642535646
25 75 0.9622784791606407
26 75 0.06363618135869481
27 75 0.19990080774733882
28 75 0.046167120173455
29 75 0.11164480161228481
30 75 0.19500142850316782
31 75 0.11648360519370653
32 75 0.05775700740317796
33 75 0.07807581103506876
34 75 0.14959891669122607
35 75 0.06996732608495325
36 75 0.16666736743239896
37 75 0.12497524435656857
38 75 0.10780110345644453
39 75 0.02443596475749598
40 75 0.08676143119912749
41 75 0.8861295073833716
42 75 0.0396834375658898
43 75 0.19715674019303114
44 75 0.08849193515492541
45 75 0.01679158421003481
46 75 0.09398196063244742
47 75 0.10875615874029773
48 75 0.9187187557683932
49 75 0.17356238503053778
50 75 0.0436557471638915
51 75 0.14535625593890775
52 75 0.10959660047933885
53 75 0.1765650832343045
54 75 0.030854368814546656
55 75 0.1823812318900033
56 75 0.16404061339442463
57 75 0.16463687680431655
58 75 0.07369657666598245
59 75 0.03449232537923935
60 75 0.06812714001562069
61 75 0.0557579961955028
62 75 0.10275544520952792
63 75 0.13770893248670663
64 75 0.037898713571126924
65 75 0.0089381305995738
66 75 0.17623948226120897
67 75 0.06799666443236559
68 75 0.9613308175500767
69 75 0.8126402229785982
70 75 0.9202679068132712
71 75 0.8717839557436446
72 75 0.10676905750661299
73 75 0.08082280527562993
74 75 0.13145815645045789
