77
0 1 0.8919665414509086
0 2 0.8084689985943668
1 2 0.0074544596798899136
0 3 0.6881843663506768
1 3 0.34503678383339337
2 3 0.6390999234201863
0 4 0.9144858230194675
1 4 0.18008666006774382
2 4 0.024777414853154812
3 4 0.10252766258396662
0 5 0.8460713856167141
1 5 0.24365103533070026
2 5 0.38527172162423795
3 5 0.09104979060349067
4 5 0.16747009420448813
0 6 0.853127487639117
1 6 0.19270367085882856
2 6 0.004429391977039377
3 6 0.18728183525499675
4 6 0.13623333155408843
5 6 0.36256936381001864
0 7 0.6821374673059787
1 7 0.05575810897673814
2 7 0.0757539355607264
3 7 0.15950509769186128
4 7 0.0535300549989548
5 7 0.30665316177164137
6 7 0.31458338405243463
0 8 0.6141791156496773
1 8 0.23222070298818684
2 8 0.3675257189796879
3 8 0.1977716582593456
4 8 0.15036210364377653
5 8 0.25284878332678334
6 8 0.38541947347701055
7 8 0.36936211542250386
0 9 0.7895313754113371
1 9 0.005906952950267197
2 9 0.27817800117027724
3 9 0.20109754927556858
4 9 0.13380060131009608
5 9 0.04026554050803904
6 9 0.22494290457135074
7 9 0.13873873822130353
8 9 0.3203081904302101
0 10 0.21352247270072314
1 10 0.26052622248875024
2 10 0.2923749903454729
3 10 0.1499806602448988
4 10 0.01255428906813756
5 10 0.01797165501655349
6 10 0.3642349630461756
7 10 0.15587073653818148
8 10 0.12985422699679142
9 10 0.08093733332546377
0 11 0.6218507477109708
1 11 0.14552913479508356
2 11 0.7312131467923253
3 11 0.6911908441337631
4 11 0.19721558662287175
5 11 0.15571767270670067
6 11 0.3344271883673746
7 11 0.009351559310558333
8 11 0.033233963388962055
9 11 0.005874949844798927
10 11 0.6214852190592247
0 12 0.27501485615629145
1 12 0.09055824956046976
2 12 0.11902950431967502
3 12 0.3355016721945322
4 12 0.15177614791728586
5 12 0.10002376739825652
6 12 0.19719615359027226
7 12 0.3720263539141326
8 12 0.13504514830270478
9 12 0.3109330655339946
10 12 0.1271828775693924
11 12 0.922974921353387
0 13 0.08035786959008001
1 13 0.06828919555730897
2 13 0.057816273360123696
3 13 0.3936666564170706
4 13 0.29256603449030866
5 13 0.15806127889104135
6 13 0.1281587740068338
7 13 0.05162998589584644
8 13 0.36178089032431954
9 13 0.14749471266234868
10 13 0.33616739172750626
11 13 0.9276468368948609
12 13 0.03357022170299926
0 14 0.3916001440301602
1 14 0.09323457212641247
2 14 0.28872543359826847
3 14 0.23981641755099614
4 14 0.03395658637878403
5 14 0.37100295617413637
6 14 0.09978548460440272
7 14 0.13199419243622731
8 14 0.17448458462570718
9 14 0.31210328452863767
10 14 0.14063248549511428
11 14 0.73063185347523
12 14 0.0971778108553544
13 14 0.25606080359689404
0 15 0.2545243915985526
1 15 0.1678993939314708
2 15 0.1831694208313168
3 15 0.21986646490224235
4 15 0.25834392346373564
5 15 0.1403692170521682
6 15 0.16672430353962536
7 15 0.3833190897976461
8 15 0.2316915393939258
9 15 0.3187494358741516
10 15 0.06108398341629178
11 15 0.6496243964760074
12 15 0.22466683082912123
13 15 0.11021042705302153
14 15 0.016818396310605045
0 16 0.09800760278420913
1 16 0.3774669654194895
2 16 0.2850552359192539
3 16 0.004149734833997743
4 16 0.03524144105907223
5 16 0.05052635928768959
6 16 0.013393404609428217
7 16 0.016645396555535718
8 16 0.06494416222166409
9 16 0.07153437868033947
10 16 0.0038890445273878083
11 16 0.3960774614714786
12 16 0.2184242798379212
13 16 0.09172044376267974
14 16 0.29618332097358563
15 16 0.1709182670843236
0 17 0.29667818952496944
1 17 0.2945669614681518
2 17 0.28968058365467153
3 17 0.3140102225717088
4 17 0.012822315686193565
5 17 0.07221933693424597
6 17 0.11663489693775819
7 17 0.37626236811380254
8 17 0.3610329578584296
9 17 0.3529073056357592
10 17 0.12667525920476028
11 17 0.15510712078760253
12 17 0.29140614906152296
13 17 0.19075212609002132
14 17 0.34353855826172514
15 17 0.08068950150141219
16 17 0.867807098276145
0 18 0.1335942249081614
1 18 0.17616882587500893
2 18 0.2954226790699586
3 18 0.049281802202321104
4 18 0.09306961494524742
5 18 0.3657817093254357
6 18 0.09496086142341387
7 18 0.2594520905658905
8 18 0.3472059954188611
9 18 0.20238606844122264
10 18 0.3177167069881516
11 18 0.030911628798809335
12 18 0.3983129811174476
13 18 0.3421468489612276
14 18 0.2454925459555843
15 18 0.06080911754987017
16 18 0.9227665451914955
17 18 0.6636299773886563
0 19 0.22506908571023382
1 19 0.25457554675268307
2 19 0.0648079492435607
3 19 0.03257283526096244
4 19 0.22793004122899507
5 19 0.11061641714793323
6 19 0.2989316304281755
7 19 0.31573716321018513
8 19 0.3411418680617441
9 19 0.15513268720238282
10 19 0.17926678505603233
11 19 0.19493736904070605
12 19 0.3731284080450218
13 19 0.14395356471825296
14 19 0.10874854111328901
15 19 0.11988502420824357
16 19 0.7748789418253716
17 19 0.8087618459910385
18 19 0.6071349582379063
0 20 0.3858674791120128
1 20 0.21406000479968182
2 20 0.3905409587208688
3 20 0.013979495617555671
4 20 0.12999439817423167
5 20 0.33024766183421694
6 20 0.03670686066669098
7 20 0.15130313764551892
8 20 0.009349416988878768
9 20 0.3533650925612472
10 20 0.3051076700537558
11 20 0.195869612659952
12 20 0.08725591371465327
13 20 0.34381495301335946
14 20 0.20398177564274264
15 20 0.24424420902091684
16 20 0.713882753303805
17 20 0.8180713104203206
18 20 0.7801517120019714
19 20 0.7051891981949943
0 21 0.20612431510028772
1 21 0.35927359698351513
2 21 0.29064520530230364
3 21 0.21224711111119496
4 21 0.2886645971473664
5 21 0.07837342849883165
6 21 0.2652289148590938
7 21 0.07968862300465052
8 21 0.21893786824109007
9 21 0.07419716163491978
10 21 0.062440918070567356
11 21 0.23549534006925874
12 21 0.06495058635286007
13 21 0.3119701957148739
14 21 0.261101589655399
15 21 0.1251429157206568
16 21 0.8118535104175313
17 21 0.8164827043257579
18 21 0.6033992814981965
19 21 0.6321551987026057
20 21 0.7632290353755039
0 22 0.0914534584108028
1 22 0.03838244236135711
2 22 0.3066807558880362
3 22 0.023104801893521335
4 22 0.37981818139042045
5 22 0.210622497056925
6 22 0.2603006273681483
7 22 0.05019041224969492
8 22 0.3557727370504804
9 22 0.3289795795020395
10 22 0.2586254338059901
11 22 0.1413387053831443
12 22 0.07284022806709212
13 22 0.38016431441052867
14 22 0.005843827547864101
15 22 0.22971408339381952
16 22 0.8479167900058691
17 22 0.7982129803160177
18 22 0.9213739023330856
19 22 0.6783915402729853
20 22 0.6124319714654942
21 22 0.7415172179176571
0 23 0.32865588243857635
1 23 0.2920490240527579
2 23 0.03783853153926833
3 23 0.2906305230426594
4 23 0.19228193364715387
5 23 0.018268027473347104
6 23 0.2565665545257529
7 23 0.19794047378591523
8 23 0.3868990762673684
9 23 0.05773784053034903
10 23 0.09005926343927668
11 23 0.7350593768501696
12 23 0.6780090401940471
13 23 0.2826489239477368
14 23 0.3789099124105904
15 23 0.3393077890557543
16 23 0.8358935511097038
17 23 0.9226595776706222
18 23 0.8168305408508075
19 23 0.8701183197753515
20 23 0.938131385890793
21 23 0.878987451760554
22 23 0.767984194791508
0 24 0.279208397881655
1 24 0.3827609354936461
2 24 0.3183590463422138
3 24 0.05622396196310402
4 24 0.0767482622686818
5 24 0.25576727274216016
6 24 0.2767102543830939
7 24 0.1252151693198078
8 24 0.36535569683806757
9 24 0.225896827798264
10 24 0.3543114214808857
11 24 0.6025297182270175
12 24 0.20673523425125817
13 24 0.14930017964846326
14 24 0.2533909032754667
15 24 0.11063246012874549
16 24 0.24613556221173669
17 24 0.10081395826833367
18 24 0.27975891742316317
19 24 0.24935800535769245
20 24 0.049395798319334897
21 24 0.10112630522280203
22 24 0.24916291087431652
23 24 0.782011232811523
0 25 0.17092648712941877
1 25 0.16890826816281437
2 25 0.19388550967621387
3 25 0.011801579295477671
4 25 0.0030635678368339915
5 25 0.11887870671622887
6 25 0.30355125948128864
7 25 0.04162259196949432
8 25 0.13853672673473963
9 25 0.09794894920641727
10 25 0.3662072595828591
11 25 0.8330877489128844
12 25 0.0010365295437841926
13 25 0.02777520699033107
14 25 0.24920227614542043
15 25 0.2229604861896637
16 25 0.37229100723848696
17 25 0.04952112575935735
18 25 0.16107648330390356
19 25 0.1672008554569347
20 25 0.265546115754958
21 25 0.28069687305933794
22 25 0.20505679624549913
23 25 0.667711293665302
24 25 0.6387379388629099
0 26 0.2371932682295449
1 26 0.28258567864706535
2 26 0.25023371933766303
3 26 0.38201618562535694
4 26 0.006391810160636169
5 26 0.0645068742334129
6 26 0.11023912223218235
7 26 0.12407381256271331
8 26 0.1569405738467133
9 26 0.07240977788931686
10 26 0.1387714525434341
11 26 0.7040895697126629
12 26 0.11786393892681404
13 26 0.3585395742469466
14 26 0.3477999369384244
15 26 0.16296427343725994
16 26 0.808860877949838
17 26 0.33499450210522774
18 26 0.27012262786473645
19 26 0.13182059347977115
20 26 0.3723135460743694
21 26 0.36865002765382
22 26 0.24997140475147656
23 26 0.20868775216868607
24 26 0.9196508032708317
25 26 0.9037994752589203
0 27 0.019047680565506833
1 27 0.16035689615650642
2 27 0.21433095518324927
3 27 0.30833066311349766
4 27 0.006721410770127667
5 27 0.046768907266018504
6 27 0.2611333598090049
7 27 0.08797837198993214
8 27 0.06841366932624356
9 27 0.3460796456852513
10 27 0.27292852691424335
11 27 0.7607356976024923
12 27 0.026603620611527126
13 27 0.3320457518393676
14 27 0.11498135663341076
15 27 0.34517241927758435
16 27 0.3511259543504546
17 27 0.040456252790019236
18 27 0.31281547387635367
19 27 0.13772312467983613
20 27 0.25071210605185335
21 27 0.31389674861889677
22 27 0.11153837688615975
23 27 0.6911026048357569
24 27 0.8837293930679979
25 27 0.9731413368377377
26 27 0.8326164081649172
0 28 0.34927908696780063
1 28 0.11619574936444713
2 28 0.1059095573236625
3 28 0.003371965226087559
4 28 0.3637718239294785
5 28 0.08442143881523552
6 28 0.056657815449507966
7 28 0.21820433074915113
8 28 0.24030316478677324
9 28 0.2470952403255247
10 28 0.19332821889483842
11 28 0.9827333886943438
12 28 0.3266070263080123
13 28 0.06475231728514608
14 28 0.02345879226255683
15 28 0.24289109743684448
16 28 0.3142924897480095
17 28 0.11125577126103768
18 28 0.09920058366606943
19 28 0.2154054703829581
20 28 0.22901126948766348
21 28 0.16279777430481387
22 28 0.23321978549590605
23 28 0.16849514201666038
24 28 0.030595105187208562
25 28 0.19545854417607106
26 28 0.20078605967379476
27 28 0.9475562802360605
0 29 0.11611105143417544
1 29 0.20921053425707903
2 29 0.25277521856597246
3 29 0.15252798293318268
4 29 0.21210258620588465
5 29 0.12138044347994575
6 29 0.04445536658902523
7 29 0.08154662268590784
8 29 0.1557873937785378
9 29 0.3747435666146741
10 29 0.13995234175714422
11 29 0.6106562325926629
12 29 0.2622058697987265
13 29 0.2536575264218433
14 29 0.0842821611459423
15 29 0.37587741945989056
16 29 0.03270998791659285
17 29 0.36441473661679297
18 29 0.25588402667653914
19 29 0.2267911634384793
20 29 0.29680290101939116
21 29 0.3984575215377782
22 29 0.21089574633271613
23 29 0.8428114903172254
24 29 0.11481533514344387
25 29 0.17055166390748264
26 29 0.014727999727837693
27 29 0.8634021062924017
28 29 0.08487306599448124
0 30 0.1942168771828433
1 30 0.13824368486131586
2 30 0.10313176815502234
3 30 0.3091022063137637
4 30 0.3935363538068153
5 30 0.1817865182736735
6 30 0.26703875941625677
7 30 0.20575252549987788
8 30 0.27486170630142104
9 30 0.20985120782152317
10 30 0.25327650343427316
11 30 0.23742729601789125
12 30 0.0928626121778736
13 30 0.16158493616105796
14 30 0.2849364695219894
15 30 0.3683920637183331
16 30 0.34938927243496076
17 30 0.36860077445870737
18 30 0.21995630558437665
19 30 0.24263068068916846
20 30 0.3605757501449543
21 30 0.08729204538496323
22 30 0.20921992292946984
23 30 0.8579220787592344
24 30 0.2613628368411891
25 30 0.13989135810070927
26 30 0.37278105189468846
27 30 0.212324298636229
28 30 0.003362045189632479
29 30 0.31952551959101577
0 31 0.25489040802362933
1 31 0.27929396134744616
2 31 0.3317967569694098
3 31 0.21402350492101885
4 31 0.2327256542607926
5 31 0.020138627879896377
6 31 0.17545074131440874
7 31 0.08770348780438422
8 31 0.20626922287916494
9 31 0.11993124586005331
10 31 0.22542236719283038
11 31 0.7348877514267574
12 31 0.2631063847884403
13 31 0.12484131965001413
14 31 0.23340064089599394
15 31 0.33806964604100426
16 31 0.16525345098361238
17 31 0.34859723767793205
18 31 0.1662047035940124
19 31 0.17816627349845626
20 31 0.2510359039536247
21 31 0.3075403347054171
22 31 0.19065498485736088
23 31 0.7249553837687295
24 31 0.14836918794569
25 31 0.04735256396228352
26 31 0.2773615749880835
27 31 0.6637971240426063
28 31 0.1951508349530433
29 31 0.34175834737893757
30 31 0.8725530898379737
0 32 0.07364376370421791
1 32 0.007444424792057092
2 32 0.1397270073524448
3 32 0.2714542066880701
4 32 0.16521443771055316
5 32 0.07424525079592624
6 32 0.057675314612580575
7 32 0.3788619722140624
8 32 0.3613969563119634
9 32 0.2270175506388239
10 32 0.07190247853219867
11 32 0.6573443815599932
12 32 0.020897204654313262
13 32 0.14651358556676652
14 32 0.059204754832068135
15 32 0.07802958482342622
16 32 0.1750999975353759
17 32 0.10585107155230067
18 32 0.08368125654182493
19 32 0.25158472686425853
20 32 0.05693664033191297
21 32 0.19908172514661873
22 32 0.13594482344698428
23 32 0.023571427746434948
24 32 0.090250885318539
25 32 0.30717915678464364
26 32 0.1899061400365556
27 32 0.2962271935342026
28 32 0.2570005124942076
29 32 0.2689136036752617
30 32 0.3045246905248985
31 32 0.005520160295540411
0 33 0.21725400902770908
1 33 0.18804500432501003
2 33 0.09338967632746056
3 33 0.04070735661249097
4 33 0.2105095487361438
5 33 0.18967267135482704
6 33 0.03868366144292819
7 33 0.170228921961461
8 33 0.27464158812339495
9 33 0.2968468640717017
10 33 0.09443687691263514
11 33 0.6744955710013236
12 33 0.23892711657568222
13 33 0.174645535676507
14 33 0.15744319661356926
15 33 0.2554241151937783
16 33 0.17319409896389054
17 33 0.3994536355961182
18 33 0.27161299065532857
19 33 0.24494645679298707
20 33 0.25474631319469204
21 33 0.1132289992050704
22 33 0.052025421610450456
23 33 0.37284499558813883
24 33 0.06048352389966012
25 33 0.3653916786815241
26 33 0.3562879240105779
27 33 0.7785020801933672
28 33 0.16009771431146747
29 33 0.04641818753742891
30 33 0.09731456592222694
31 33 0.023804191882486638
32 33 0.10699129307813982
0 34 0.09584989346160606
1 34 0.30080648620891554
2 34 0.30039509856702673
3 34 0.2782309443195232
4 34 0.38526310718841184
5 34 0.1597111493411168
6 34 0.1055030347155594
7 34 0.08330789587431019
8 34 0.04735788480414782
9 34 0.09706233358908825
10 34 0.37485441401487707
11 34 0.7525317214319114
12 34 0.14004511391575045
13 34 0.19092733046080365
14 34 0.10552770466355042
15 34 0.035529491122932334
16 34 0.14463588007819134
17 34 0.0651184847724438
18 34 0.38587593563049116
19 34 0.30864088145711877
20 34 0.23169378014040132
21 34 0.36075932569561864
22 34 0.14583001294575193
23 34 0.10619023919277537
24 34 0.2236114059920652
25 34 0.2289973361417108
26 34 0.39349563886703254
27 34 0.2195571788708572
28 34 0.20579111568053332
29 34 0.6573825873073113
30 34 0.3931876955174327
31 34 0.06505786606607958
32 34 0.3966285590287056
33 34 0.33286646963845107
0 35 0.36096971571306247
1 35 0.21913047142865696
2 35 0.21641041961074717
3 35 0.20030417310077944
4 35 0.14919809770076045
5 35 0.03364107333742692
6 35 0.3841341685804606
7 35 0.21370939339431191
8 35 0.3950477677052886
9 35 0.35248500630178686
10 35 0.010243909116573047
11 35 0.8431676068648692
12 35 0.10343286940129488
13 35 0.2962891538003316
14 35 0.05535390647603666
15 35 0.15041191418451771
16 35 0.2990948219484026
17 35 0.35415008709294865
18 35 0.08300204741538995
19 35 0.14640754961601818
20 35 0.37205110574632966
21 35 0.35535835175789066
22 35 0.08732325521162916
23 35 0.14131013653681115
24 35 0.13952973557748424
25 35 0.2539363376158246
26 35 0.25858200596318265
27 35 0.014492983637490653
28 35 0.2641241008829429
29 35 0.745830063434695
30 35 0.32882046902745765
31 35 0.2286251321467245
32 35 0.2574682063387275
33 35 0.17317794347055263
34 35 0.7447533117866023
0 36 0.20365818259999027
1 36 0.08134225755001907
2 36 0.3019216414673183
3 36 0.23134839689976228
4 36 0.26985442146989447
5 36 0.13124835614741578
6 36 0.12702071133387963
7 36 0.09424753081321652
8 36 0.2649873986368139
9 36 0.28725467543317995
10 36 0.2627458264204996
11 36 0.8504521141939505
12 36 0.051775136851325246
13 36 0.01408887124219187
14 36 0.3882420802295892
15 36 0.09734008892043429
16 36 0.08328941609561427
17 36 0.30061305399972715
18 36 0.019742843260263945
19 36 0.2411244970544969
20 36 0.1997392065013166
21 36 0.13027752633615694
22 36 0.3869659017774267
23 36 0.3232692889492868
24 36 0.3361582476911758
25 36 0.20921918251776403
26 36 0.2731507187527635
27 36 0.13931735897586206
28 36 0.2712634387060253
29 36 0.6254605241660034
30 36 0.03208027144635626
31 36 0.014807944684008013
32 36 0.21357085945143106
33 36 0.30924080679693833
34 36 0.7781318007856767
35 36 0.8503324240703869
0 37 0.34113315000122646
1 37 0.21225625547362423
2 37 0.3744420593745106
3 37 0.07033373941688317
4 37 0.35536944956702365
5 37 0.3322505536751726
6 37 0.3416587886329233
7 37 0.07591694509547137
8 37 0.09192509170700253
9 37 0.11474296058148555
10 37 0.039915587335262126
11 37 0.8999322080141334
12 37 0.15001096556629007
13 37 0.3798042242398069
14 37 0.04793016646591393
15 37 0.02859826152942846
16 37 0.14618334437691913
17 37 0.3241403562736036
18 37 0.3663524533549034
19 37 0.2953731065040736
20 37 0.27585689048738465
21 37 0.3144564561921292
22 37 0.3771819197843996
23 37 0.04259034241001478
24 37 0.220911512940386
25 37 0.07638416718168539
26 37 0.37872974635761164
27 37 0.1576561556484858
28 37 0.33797577330766704
29 37 0.7552021639187979
30 37 0.3002027104083802
31 37 0.2603428136011692
32 37 0.15497592104394578
33 37 0.011318841013142534
34 37 0.7621218599624104
35 37 0.6421304285744935
36 37 0.6825310011659462
0 38 0.10631667493849158
1 38 0.10883256412584985
2 38 0.353520070901677
3 38 0.3011010937529836
4 38 0.3057564553172163
5 38 0.21536713248854503
6 38 0.3166058206639646
7 38 0.06710364624749206
8 38 0.23361075940865153
9 38 0.18674587800813103
10 38 0.0251679136582347
11 38 0.7556688935939448
12 38 0.010272726833187208
13 38 0.2961001891267985
14 38 0.3501387901885177
15 38 0.2801386834716947
16 38 0.3274455049353158
17 38 0.11498955980618733
18 38 0.18780356572394818
19 38 0.23282572529824705
20 38 0.31071875474919586
21 38 0.11193352064097849
22 38 0.03527822910837437
23 38 0.10146980672668199
24 38 0.09632658443871463
25 38 0.10708926926937644
26 38 0.35049440836370244
27 38 0.05591750479497897
28 38 0.1773826589182319
29 38 0.6469542062031893
30 38 0.0013556961656762123
31 38 0.14834819408104724
32 38 0.3104528133751034
33 38 0.1101509082148494
34 38 0.8245457202728627
35 38 0.7832834011345466
36 38 0.6367034758630699
37 38 0.7963164721484496
0 39 0.39623630128334275
1 39 0.12700605874671253
2 39 0.20510646549094824
3 39 0.16593640331391432
4 39 0.3416948287170456
5 39 0.21213480153513664
6 39 0.08163649607445232
7 39 0.3371454681461452
8 39 0.36978776506103217
9 39 0.018351063880093398
10 39 0.3926983098855204
11 39 0.35858932894672507
12 39 0.14974767814704384
13 39 0.01603674723180588
14 39 0.1297973446789527
15 39 0.16883893385689178
16 39 0.31522029347960573
17 39 0.09762974351626448
18 39 0.3609991386892948
19 39 0.29843723880642625
20 39 0.25904283612533
21 39 0.3824859428336538
22 39 0.3697703222651905
23 39 0.19806285236217724
24 39 0.12817583027671664
25 39 0.6382353744565538
26 39 0.1777850269966182
27 39 0.011922465306138408
28 39 0.08939144831039916
29 39 0.32719459868673073
30 39 0.06801128766502176
31 39 0.3076603154219895
32 39 0.3033417819054089
33 39 0.0020016237305179097
34 39 0.2083053600421342
35 39 0.007427257749864991
36 39 0.006991427507164261
37 39 0.13756024808694164
38 39 0.0007172039218128923
0 40 0.1410798208031713
1 40 0.3370775604114255
2 40 0.3008465617784084
3 40 0.3849940752856175
4 40 0.08999286895768753
5 40 0.23452312626048563
6 40 0.20569969867232998
7 40 0.00955531156253655
8 40 0.16125445624913662
9 40 0.37161679311258594
10 40 0.08640512859363932
11 40 0.25221838186851736
12 40 0.28139074567835837
13 40 0.12028367430884496
14 40 0.0488207986556489
15 40 0.2885922186112818
16 40 0.35302216554574173
17 40 0.16058670276114706
18 40 0.35660942491612346
19 40 0.1440238502346492
20 40 0.3997691222848799
21 40 0.24408228217125374
22 40 0.036592766171858984
23 40 0.3863311622161262
24 40 0.04044880817810453
25 40 0.921588367849113
26 40 0.123540163050858
27 40 0.06172373648786862
28 40 0.3876919407971179
29 40 0.053981128150912876
30 40 0.056221056006984196
31 40 0.3755657771887694
32 40 0.20240536692092817
33 40 0.13104243729688836
34 40 0.25431641792492893
35 40 0.138443278022751
36 40 0.3282569576236442
37 40 0.2994820320175596
38 40 0.3670420011962521
39 40 0.3221294227682858
0 41 0.1874502976014925
1 41 0.3891838283888676
2 41 0.2654608602980279
3 41 0.3623640688129566
4 41 0.14410866702070174
5 41 0.08404671743355441
6 41 0.22103782441602374
7 41 0.07679328728951221
8 41 0.3815688228451224
9 41 0.1480556101087434
10 41 0.3695146160203722
11 41 0.19661422055558553
12 41 0.04621319353047611
13 41 0.12230167486068418
14 41 0.35652008594772755
15 41 0.3775504545093955
16 41 0.10924533136586462
17 41 0.14280310593298565
18 41 0.27185260688665397
19 41 0.13593030642373255
20 41 0.10709079088738882
21 41 0.05219603873924705
22 41 0.25928963623576323
23 41 0.31589492122589496
24 41 0.6210767119697412
25 41 0.9115083480875522
26 41 0.30838127985109404
27 41 0.000535117443758093
28 41 0.3363085164628923
29 41 0.2896646510381499
30 41 0.3259624320744762
31 41 0.35782544917259096
32 41 0.0038284941718805146
33 41 0.34268635707323974
34 41 0.18946597543351867
35 41 0.07499427155850454
36 41 0.08139671486302605
37 41 0.14611023031721154
38 41 0.1785141370037117
39 41 0.3967106622723812
40 41 0.048567948968194545
0 42 0.3544338219192081
1 42 0.04841620008301706
2 42 0.3919350536341322
3 42 0.20956660645229663
4 42 0.10047186357583522
5 42 0.049563346371688737
6 42 0.3574424135928483
7 42 0.16059359841339355
8 42 0.14081939087941184
9 42 0.3731296555581606
10 42 0.3639450223709225
11 42 0.3042033701969189
12 42 0.10362243825793023
13 42 0.19834542680966116
14 42 0.20869612075732574
15 42 0.026058163238627686
16 42 0.2881175521952997
17 42 0.10940651046770188
18 42 0.18775148539050904
19 42 0.2224192919285602
20 42 0.061813678757981674
21 42 0.34167965846446213
22 42 0.3040189177101254
23 42 0.034035890023517104
24 42 0.9132960036351038
25 42 0.6514799829264395
26 42 0.09857383390875799
27 42 0.30324011912144055
28 42 0.04564401947736947
29 42 0.1866383134203074
30 42 0.042930827465781765
31 42 0.30307160789820203
32 42 0.314451091137912
33 42 0.3489134629335748
34 42 0.1101953855283763
35 42 0.0785060453665722
36 42 0.21590203648501102
37 42 0.10248954241688653
38 42 0.12104924820987617
39 42 0.29687179595281327
40 42 0.19392672125634045
41 42 0.8517617920193429
0 43 0.13784091468433277
1 43 0.126121272572865
2 43 0.09709534677432644
3 43 0.37634441188511514
4 43 0.1904113803841796
5 43 0.12857963208542209
6 43 0.3687287240540384
7 43 0.19013702088947027
8 43 0.09491665377483938
9 43 0.2845183803275672
10 43 0.029432266554853426
11 43 0.7910793025738535
12 43 0.299391633928232
13 43 0.253834504555923
14 43 0.32876136326369454
15 43 0.05178188168010572
16 43 0.11038957373771573
17 43 0.3068657139579122
18 43 0.19884606489286416
19 43 0.38203598983164827
20 43 0.21504536502639324
21 43 0.19699615019323022
22 43 0.11504420214857346
23 43 0.303112041883516
24 43 0.03905595989028093
25 43 0.04210140866042025
26 43 0.6947821543280718
27 43 0.6010035794103215
28 43 0.1597875617252154
29 43 0.011520035589531165
30 43 0.047984746567549454
31 43 0.1062500287419606
32 43 0.009648136532273767
33 43 0.3313647579881342
34 43 0.17277399189913242
35 43 0.3978294798815618
36 43 0.3773061422191536
37 43 0.29083167209197164
38 43 0.04091014184701618
39 43 0.11676789098886871
40 43 0.2560719398821893
41 43 0.22375324216879933
42 43 0.1902158473008759
0 44 0.1053601279732721
1 44 0.08271254432612306
2 44 0.10766483133251886
3 44 0.18772970749171997
4 44 0.3102535649669918
5 44 0.07385888082841845
6 44 0.21143099060416845
7 44 0.22061169711056705
8 44 0.21472116641808658
9 44 0.33267913347110195
10 44 0.2770053778385719
11 44 0.827840246860795
12 44 0.02242048215885282
13 44 0.26026686937380045
14 44 0.002702174017967085
15 44 0.15194856489021913
16 44 0.1894806408100672
17 44 0.24934377882119252
18 44 0.29951926955788133
19 44 0.3706714751196696
20 44 0.009004662553984489
21 44 0.3860557465717934
22 44 0.09695002040223617
23 44 0.3620235779282266
24 44 0.28193287511551995
25 44 0.2113796148031138
26 44 0.19338090095885707
27 44 0.05810229531051463
28 44 0.885527531733969
29 44 0.17232627696501607
30 44 0.3950056288523469
31 44 0.2480203467522943
32 44 0.21018146884447475
33 44 0.3517558639251871
34 44 0.30331787050216613
35 44 0.3865470559153881
36 44 0.21483103468106954
37 44 0.3228688716560917
38 44 0.09749835154719699
39 44 0.06877026587115842
40 44 0.19741409330241
41 44 0.17735514876901526
42 44 0.12818662737690573
43 44 0.037992961876116296
0 45 0.049974200666923624
1 45 0.3585414126706749
2 45 0.37479612808714724
3 45 0.32936533978250976
4 45 0.3471238250570457
5 45 0.39369169144833327
6 45 0.3338828329829989
7 45 0.0015098957508464129
8 45 0.283207710231386
9 45 0.10778613342271326
10 45 0.13657102492067535
11 45 0.24628409799436463
12 45 0.23077215554290353
13 45 0.2216694672247561
14 45 0.32925428958071656
15 45 0.25944963689481215
16 45 0.20392348303592864
17 45 0.22338021780141037
18 45 0.3234555556301475
19 45 0.3761744078107043
20 45 0.2679558627127405
21 45 0.3898475979559752
22 45 0.10315348428357902
23 45 0.3826370919841069
24 45 0.028200055066421204
25 45 0.17948228251295123
26 45 0.338227768618326
27 45 0.0338253825609629
28 45 0.7917743277166587
29 45 0.3781512223484415
30 45 0.21869779111209212
31 45 0.380307935820497
32 45 0.2191484928491311
33 45 0.20080626645044292
34 45 0.27576863045965916
35 45 0.12090119301274434
36 45 0.35319584179049235
37 45 0.1939094907986271
38 45 0.14428186978035856
39 45 0.018497576981734865
40 45 0.19586183366734244
41 45 0.0363283295934012
42 45 0.018992493384213383
43 45 0.2078997337938484
44 45 0.21887817948027838
0 46 0.3028229142915729
1 46 0.010540176400415602
2 46 0.3850537251861813
3 46 0.00944940133518637
4 46 0.20336993248152885
5 46 0.08045679499917822
6 46 0.271901206743226
7 46 0.023485421830005085
8 46 0.1997318606288263
9 46 0.24288664668182192
10 46 0.038545755734525546
11 46 0.1002241958288336
12 46 0.17023779598460284
13 46 0.13251661723439942
14 46 0.07354692815562384
15 46 0.3094999476581036
16 46 0.3632134027743414
17 46 0.014226799788705913
18 46 0.1665674797887464
19 46 0.36777762691740845
20 46 0.11664924712793674
21 46 0.0960134520215442
22 46 0.09677437793562223
23 46 0.30681144240115926
24 46 0.1264187587393673
25 46 0.1317945749979415
26 46 0.10731490325109774
27 46 0.38990152898048164
28 46 0.01031758863861012
29 46 0.1570584118659042
30 46 0.16749876393582697
31 46 0.30925542270699957
32 46 0.029539952885354562
33 46 0.05264068496602046
34 46 0.27216371378895265
35 46 0.32264885085403594
36 46 0.23232464193422248
37 46 0.11790941950000518
38 46 0.15690515569719868
39 46 0.01977454605079787
40 46 0.06234793322175763
41 46 0.189318618277555
42 46 0.0042567625000436765
43 46 0.3553736058684153
44 46 0.04970971224399654
45 46 0.3006745505923277
0 47 0.030297394059255245
1 47 0.1025261587188505
2 47 0.2719030754575212
3 47 0.10125367852873035
4 47 0.3993127585303074
5 47 0.30913964358795115
6 47 0.018312605751018608
7 47 0.18172613019999193
8 47 0.14336812237800817
9 47 0.08713485896137524
10 47 0.16704046656212365
11 47 0.1778255085855908
12 47 0.2812936642290264
13 47 0.23413816098279622
14 47 0.240856073540911
15 47 0.3252393132622529
16 47 0.17462317024774074
17 47 0.06626054491735026
18 47 0.29830766892200095
19 47 0.10417824467639317
20 47 0.1153716045879389
21 47 0.3112357141288967
22 47 0.051825346849748044
23 47 0.15906432723187913
24 47 0.06501696522047165
25 47 0.34566284267492475
26 47 0.09788795912688131
27 47 0.1967388767903001
28 47 0.2687668673152576
29 47 0.26038065519263265
30 47 0.009790252380269582
31 47 0.29226427406057354
32 47 0.17172649845959098
33 47 0.18350202052798337
34 47 0.11364177599250512
35 47 0.02687308148734422
36 47 0.18221885602579238
37 47 0.3729306495924116
38 47 0.08616540211553768
39 47 0.36400337204361155
40 47 0.1922572501242219
41 47 0.35390191352961503
42 47 0.17938267180178835
43 47 0.17418673481672925
44 47 0.368299816841892
45 47 0.033308774543715905
46 47 0.66071348207712
0 48 0.2572780692930631
1 48 0.21820424564637084
2 48 0.06704150121559885
3 48 0.01144025748673987
4 48 0.10091364744331642
5 48 0.35846415565585155
6 48 0.18469422834658844
7 48 0.11879817508780653
8 48 0.11305609883296107
9 48 0.02193172382411808
10 48 0.10741276531935823
11 48 0.7890535621015153
12 48 0.10925005111508393
13 48 0.345967765055693
14 48 0.2101988140161818
15 48 0.3977589185533417
16 48 0.062382133150247966
17 48 0.18776630910864622
18 48 0.024240430698177252
19 48 0.12692718408403772
20 48 0.3311012520708919
21 48 0.3992174754583832
22 48 0.16838375740699352
23 48 0.0398129097792626
24 48 0.386792777360653
25 48 0.9613470029598872
26 48 0.36262578907079956
27 48 0.841907561304588
28 48 0.10219087564479082
29 48 0.31713804320321737
30 48 0.12074632634909555
31 48 0.3543153635439834
32 48 0.255247271581658
33 48 0.25443912474416386
34 48 0.030785286878839503
35 48 0.3405144832231198
36 48 0.06999048593541972
37 48 0.3776424342509937
38 48 0.23544896273461716
39 48 0.07179997523232258
40 48 0.277596033659047
41 48 0.14012010901658148
42 48 0.03897506320327193
43 48 0.03740783648915076
44 48 0.20024897892148208
45 48 0.02039050851971749
46 48 0.2100605169128564
47 48 0.801558401576749
0 49 0.06690284024150986
1 49 0.04010662554561844
2 49 0.2220336939975066
3 49 0.04212315509947065
4 49 0.3830723087092025
5 49 0.10282165409388538
6 49 0.07833151451828435
7 49 0.2517737701619938
8 49 0.11219163923843696
9 49 0.03186515335458791
10 49 0.13725497693208508
11 49 0.7078626633605088
12 49 0.34237889823300094
13 49 0.22738468818395044
14 49 0.2958527414244098
15 49 0.18629189011062755
16 49 0.3599673285667569
17 49 0.37428170467463295
18 49 0.3173788429001232
19 49 0.2575088963476186
20 49 0.3625309639218619
21 49 0.10485188519016259
22 49 0.11318656804374175
23 49 0.2899239625064091
24 49 0.2454916509811371
25 49 0.15352455909232432
26 49 0.6899677070862319
27 49 0.225296083099358
28 49 0.061550428513730805
29 49 0.21224282771845676
30 49 0.2118213208966612
31 49 0.06699465066166198
32 49 0.2750125247243365
33 49 0.10651972369205893
34 49 0.06400991508898173
35 49 0.3089080897533909
36 49 0.07783753869365301
37 49 0.19320148013266503
38 49 0.06919857586659753
39 49 0.04806273085920987
40 49 0.34864082771326804
41 49 0.02872617467177867
42 49 0.0771781125828913
43 49 0.20028560386620842
44 49 0.01830572418381222
45 49 0.018418950879533914
46 49 0.38090534505620033
47 49 0.38087586343724655
48 49 0.08402892849602535
0 50 0.029767803011340545
1 50 0.2907392717352046
2 50 0.07409530886871774
3 50 0.11074225641402143
4 50 0.1251780439565327
5 50 0.293660688699912
6 50 0.24176224408511626
7 50 0.09260310815999975
8 50 0.1996242402905547
9 50 0.2025078096812267
10 50 0.22585524941871574
11 50 0.023857594971705212
12 50 0.2942685270207736
13 50 0.030494241076933905
14 50 0.3213726695031749
15 50 0.016994908665958253
16 50 0.08384170055500739
17 50 0.22001113919641574
18 50 0.25683160583013587
19 50 0.385862853180964
20 50 0.0394206289506502
21 50 0.09850751086992404
22 50 0.12086262863136787
23 50 0.08153219992196546
24 50 0.9171931678760685
25 50 0.10698159160000116
26 50 0.3603818412894146
27 50 0.3601279508533217
28 50 0.11639792965771267
29 50 0.16170175323070668
30 50 0.17258189811000002
31 50 0.13556616691938325
32 50 0.36996506753997066
33 50 0.16735803599591526
34 50 0.04047023954363969
35 50 0.04652455207189248
36 50 0.12308246534164412
37 50 0.10858035154821377
38 50 0.20689767774265141
39 50 0.2890760545406698
40 50 0.27020647658245767
41 50 0.0070712149305434124
42 50 0.11218504066525675
43 50 0.34762627190232953
44 50 0.11871703993231981
45 50 0.36343639665846805
46 50 0.10297135143354326
47 50 0.0693832140182502
48 50 0.20811380528465795
49 50 0.8057317771306385
0 51 0.15778970389143226
1 51 0.027749274490280664
2 51 0.15621390900991172
3 51 0.22852108747919067
4 51 0.04616484858259327
5 51 0.02623446554224307
6 51 0.15356706883815785
7 51 0.3406673674919866
8 51 0.3033809898853788
9 51 0.2674330559980789
10 51 0.23967384741795283
11 51 0.8834220423747006
12 51 0.22607311111709533
13 51 0.3463783012749695
14 51 0.011119114256843466
15 51 0.28550419635779595
16 51 0.339654416572031
17 51 0.39515247277348886
18 51 0.1387250399160334
19 51 0.16327642587588623
20 51 0.08137343429229804
21 51 0.2971836097327245
22 51 0.22611428176307885
23 51 0.14579885144031138
24 51 0.1896422183525801
25 51 0.3232733032875174
26 51 0.8553151341509719
27 51 0.3635280082680906
28 51 0.3246595809094508
29 51 0.33726025494446993
30 51 0.26183780560009196
31 51 0.05450275091050938
32 51 0.14107770333649042
33 51 0.16015371116890034
34 51 0.03327935003111753
35 51 0.1451693172654065
36 51 0.1257687095840311
37 51 0.039145638467087365
38 51 0.399447563123465
39 51 0.018438136373073146
40 51 0.24181972650752234
41 51 0.03302109381615592
42 51 0.3807564058964948
43 51 0.24566358550107126
44 51 0.10120068748084528
45 51 0.1809685106249318
46 51 0.033016153939264783
47 51 0.3352890108023514
48 51 0.3337764821714597
49 51 0.8668106353139449
50 51 0.03444278539951062
0 52 0.13852355542589787
1 52 0.20632769827603156
2 52 0.0076113505949027445
3 52 0.18220824991065912
4 52 0.0955051984112806
5 52 0.37989218065628516
6 52 0.24249528776827867
7 52 0.21509076396204332
8 52 0.29828468513562145
9 52 0.025994352914331123
10 52 0.32112550892773767
11 52 0.10637579839712888
12 52 0.2546947949855999
13 52 0.06692782809453539
14 52 0.16417156078917047
15 52 0.3700709549177445
16 52 0.3901873704276264
17 52 0.36190772337954974
18 52 0.34623350738915637
19 52 0.26507364530419875
20 52 0.31593559381678615
21 52 0.3779531768153167
22 52 0.2484978778459521
23 52 0.01244387287589608
24 52 0.3075848213356628
25 52 0.13658850667594521
26 52 0.03351336765723598
27 52 0.15983522651092075
28 52 0.2855634877129209
29 52 0.17526220219725608
30 52 0.0156823597885269
31 52 0.20187457668785147
32 52 0.19164056813842856
33 52 0.14089331737148175
34 52 0.054367388638465734
35 52 0.005129211732343109
36 52 0.17617119310915164
37 52 0.025550017667189187
38 52 0.0900225306785532
39 52 0.6128960619355308
40 52 0.30744705025268837
41 52 0.0023365390915783824
42 52 0.01763579998522591
43 52 0.3441338240832609
44 52 0.27109720981381086
45 52 0.1080812845725875
46 52 0.11459329028673522
47 52 0.17830944977469343
48 52 0.025632262225739267
49 52 0.03926275934140602
50 52 0.21503580539915831
51 52 0.8265184243065192
0 53 0.10377267105582244
1 53 0.37948032280459176
2 53 0.090233373462118
3 53 0.041802046555390104
4 53 0.022870382265256596
5 53 0.06290149471028364
6 53 0.1506953911102178
7 53 0.3197066293534167
8 53 0.07900469757195672
9 53 0.2849876212987152
10 53 0.36124145493279564
11 53 0.3612771545952354
12 53 0.361959520525883
13 53 0.04304744894195833
14 53 0.012367165472945807
15 53 0.00021794656157037018
16 53 0.2775359153415635
17 53 0.10025161036332966
18 53 0.12195877820248349
19 53 0.1409380966918465
20 53 0.2885050784622413
21 53 0.057308987624187284
22 53 0.23409999148067584
23 53 0.08701325645770033
24 53 0.36246451521642126
25 53 0.04093765174854154
26 53 0.2837238961474334
27 53 0.26768139680284736
28 53 0.07232776245181886
29 53 0.14169875068531962
30 53 0.021048401551186792
31 53 0.26445221362231064
32 53 0.010596073093961956
33 53 0.07551179566766725
34 53 0.32694558384561384
35 53 0.3555042466960895
36 53 0.06208790266863127
37 53 0.2257736584968452
38 53 0.342724520233412
39 53 0.08918329419486187
40 53 0.06985472208078854
41 53 0.1281154901702751
42 53 0.20548971340042668
43 53 0.25722326753809516
44 53 0.08524658257005933
45 53 0.23226057864932115
46 53 0.0583964615735626
47 53 0.251021069072673
48 53 0.2515728188342373
49 53 0.1937266200958018
50 53 0.05574456475772252
51 53 0.7997429009668549
52 53 0.37316583127775865
0 54 0.013177381911745778
1 54 0.1019741652780128
2 54 0.3551716294898904
3 54 0.33522010593289453
4 54 0.10300588831281338
5 54 0.12159744424577
6 54 0.07968556177206138
7 54 0.3132858192726349
8 54 0.2195781135168635
9 54 0.17737358954162152
10 54 0.08652587643050724
11 54 0.33319732647233624
12 54 0.29744694995110227
13 54 0.28701465154160566
14 54 0.2795908672074982
15 54 0.34984401760126194
16 54 0.2560648136190804
17 54 0.16194183279656493
18 54 0.19957781745582343
19 54 0.3697329291680818
20 54 0.30935456029023367
21 54 0.09821893246048617
22 54 0.34908693253039713
23 54 0.09081777406205656
24 54 0.022040929616910933
25 54 0.1554108006803507
26 54 0.9703507079544501
27 54 0.20211168533609444
28 54 0.3947847211277047
29 54 0.04533703944428487
30 54 0.171399646057815
31 54 0.3863645508818745
32 54 0.2930499586776902
33 54 0.2587805039715088
34 54 0.33046113903083707
35 54 0.13888310276077798
36 54 0.006188298290336514
37 54 0.08457744854915639
38 54 0.2536508751145363
39 54 0.3972972395793839
40 54 0.28198949336289775
41 54 0.38394553171135404
42 54 0.005001968793674739
43 54 0.21703698425828508
44 54 0.09136943038494115
45 54 0.03470543547382441
46 54 0.25784406146050676
47 54 0.3856974131031997
48 54 0.19859141855795107
49 54 0.9460111151765958
50 54 0.3949212199885256
51 54 0.8201683481782273
52 54 0.10184132434182161
53 54 0.1983488589343661
0 55 0.12147425450299397
1 55 0.011584860160986032
2 55 0.23180814534490263
3 55 0.010272623197848186
4 55 0.3403043663621717
5 55 0.25152012287207576
6 55 0.32084677222317587
7 55 0.028100553242896356
8 55 0.28256693004271577
9 55 0.15544298557729178
10 55 0.002228451767357509
11 55 0.6358239288185115
12 55 0.2986438353682614
13 55 0.1813061399560413
14 55 0.17253066416128157
15 55 0.1553267920860126
16 55 0.6852446164146557
17 55 0.25708878527356305
18 55 0.025397749218003397
19 55 0.0720183748494736
20 55 0.0736076941058924
21 55 0.031391225737456056
22 55 0.3822524678331323
23 55 0.3656134232070786
24 55 0.39373747190149566
25 55 0.7699423670346842
26 55 0.9000976667321716
27 55 0.051468149172215094
28 55 0.11629206817927269
29 55 0.3270060043884341
30 55 0.30077102111428733
31 55 0.02512009438669538
32 55 0.01761192952497801
33 55 0.2755844050706678
34 55 0.24347907107741973
35 55 0.1721401638319504
36 55 0.13009558065508853
37 55 0.10420541127103351
38 55 0.3967651389156176
39 55 0.6141833746336679
40 55 0.2848442107523093
41 55 0.7657257882463264
42 55 0.29923237015448534
43 55 0.1670863706439973
44 55 0.14682657970887056
45 55 0.026172633549455915
46 55 0.37692657472947655
47 55 0.39608890914498546
48 55 0.9056016400424004
49 55 0.9543292109021563
50 55 0.028355838082597007
51 55 0.8232058203647685
52 55 0.2685039819473332
53 55 0.15007863459660442
54 55 0.7587907791566559
0 56 0.29066895269803417
1 56 0.2777703235710924
2 56 0.19553072254045778
3 56 0.20884035897843012
4 56 0.26415286784958875
5 56 0.38848808030008913
6 56 0.12064359750319241
7 56 0.1799641313693272
8 56 0.0917275535329992
9 56 0.03526954708086061
10 56 0.14122714751198326
11 56 0.10680427498380723
12 56 0.15149443751846828
13 56 0.20563395551143404
14 56 0.30485453835588594
15 56 0.3618375548434042
16 56 0.18740613854309612
17 56 0.31264446076249597
18 56 0.30768415440177416
19 56 0.01230554252671019
20 56 0.14464932747953727
21 56 0.21986016771568606
22 56 0.05207547223023186
23 56 0.10860991696479116
24 56 0.10596566780975102
25 56 0.3254054776017881
26 56 0.2515328468086577
27 56 0.38205735201917945
28 56 0.26248975707118505
29 56 0.01401505708129185
30 56 0.36732527041676755
31 56 0.3187408889094319
32 56 0.3677495030760438
33 56 0.3518435654728112
34 56 0.3149231139849269
35 56 0.056154723330737434
36 56 0.3896832815382827
37 56 0.14282466235656313
38 56 0.27507842868886245
39 56 0.20451562489922193
40 56 0.21813860867000484
41 56 0.17936105947287487
42 56 0.07592922160019602
43 56 0.2451261228693191
44 56 0.03672380166869695
45 56 0.05605781182047523
46 56 0.17016284634266327
47 56 0.2728922214085446
48 56 0.27946054933000286
49 56 0.6164169160426406
50 56 0.36852347492739385
51 56 0.2455239470372319
52 56 0.39952359312689556
53 56 0.34555615287888264
54 56 0.27903526951113633
55 56 0.6601594971591054
0 57 0.3213652397412816
1 57 0.01964918366202935
2 57 0.13988432641463033
3 57 0.2038690050444529
4 57 0.20758179519915243
5 57 0.29194588930251913
6 57 0.16503075555865712
7 57 0.00725671786486295
8 57 0.25019954520005466
9 57 0.17162752087674962
10 57 0.14890482827736826
11 57 0.06937139927696015
12 57 0.19177000609717118
13 57 0.1795279103261457
14 57 0.28127327978327016
15 57 0.2781042936995021
16 57 0.181869453057071
17 57 0.34338023286568276
18 57 0.011240823594760885
19 57 0.10586297090492774
20 57 0.39141778209559114
21 57 0.1447029528992539
22 57 0.2289615460933086
23 57 0.05436225401082156
24 57 0.19582910986641688
25 57 0.36730405160488716
26 57 0.12197473234147038
27 57 0.35540094762691005
28 57 0.16154330430665695
29 57 0.3313646119157277
30 57 0.09545351254079293
31 57 0.18816109120113333
32 57 0.25939409363048344
33 57 0.03852163463601275
34 57 0.14248272248140692
35 57 0.047491838927631584
36 57 0.32648600392161753
37 57 0.1445132363611686
38 57 0.1158188587112647
39 57 0.37005989449568405
40 57 0.26825580923557174
41 57 0.9275598273691433
42 57 0.2130746805613312
43 57 0.0003474890718795365
44 57 0.10960304583839493
45 57 0.3463919991932889
46 57 0.09542513169626235
47 57 0.33407591765374534
48 57 0.7038705221556323
49 57 0.18621031684005215
50 57 0.2742434824255991
51 57 0.25387727713429337
52 57 0.26298049721030564
53 57 0.20487392919049674
54 57 0.14140703919574374
55 57 0.870212443262437
56 57 0.3859886346344975
0 58 0.16374429957113495
1 58 0.10590145939262917
2 58 0.03525157475334626
3 58 0.39003497571358187
4 58 0.14193331500882392
5 58 0.21387000637144482
6 58 0.2770506258608419
7 58 0.3127078497188852
8 58 0.13997090636581958
9 58 0.28859769845061234
10 58 0.06608496036898774
11 58 0.8739386643430271
12 58 0.1587138853724881
13 58 0.10769574891351495
14 58 0.10223152579043503
15 58 0.35901561161165735
16 58 0.09785657740204884
17 58 0.07021143308778566
18 58 0.054220447342751665
19 58 0.2221940903757906
20 58 0.19436080056353178
21 58 0.3385228671930444
22 58 0.09679826812850077
23 58 0.1988664688282325
24 58 0.2580410864419386
25 58 0.19322644892951507
26 58 0.3426247795425346
27 58 0.7681390657470846
28 58 0.1846205307322185
29 58 0.06459603027719805
30 58 0.20507655045635942
31 58 0.22883346493261483
32 58 0.2495830143621836
33 58 0.3951771366713783
34 58 0.2741357125466141
35 58 0.19532859937318775
36 58 0.3617730772205883
37 58 0.13280695109268192
38 58 0.3741997016895568
39 58 0.09643080677171385
40 58 0.13261711056896294
41 58 0.040294970163867565
42 58 0.2791063035362095
43 58 0.26381205200995966
44 58 0.05305440631925822
45 58 0.30259520747584134
46 58 0.30766818999273043
47 58 0.2080077682001149
48 58 0.7506706692106553
49 58 0.29237563270671524
50 58 0.3154567476992416
51 58 0.20555624736998782
52 58 0.02864215153709746
53 58 0.10174159671787208
54 58 0.15295476961633062
55 58 0.7410858338785141
56 58 0.17842609557668815
57 58 0.7609659072005583
0 59 0.25696272577388024
1 59 0.14524446878701122
2 59 0.05381356423244635
3 59 0.09408818362656396
4 59 0.27184336611233506
5 59 0.1733630329152608
6 59 0.08291614771001332
7 59 0.07303059915472865
8 59 0.24010078720316144
9 59 0.3885929068157861
10 59 0.2006696251988939
11 59 0.042472766714363536
12 59 0.32197690831717873
13 59 0.2829458956005772
14 59 0.11615821221260934
15 59 0.27491302662504574
16 59 0.30484347870586004
17 59 0.049454907950507956
18 59 0.24354178837295196
19 59 0.32382954755955307
20 59 0.39688981308895493
21 59 0.1815481022806567
22 59 0.10883383112826346
23 59 0.37140737217283715
24 59 0.15091457455435806
25 59 0.16392961448698742
26 59 0.2634757164807196
27 59 0.28971321360248115
28 59 0.34205507609147207
29 59 0.0128841400622151
30 59 0.359735644047333
31 59 0.23864937277560694
32 59 0.27958727497126146
33 59 0.0009982153175786656
34 59 0.32539957817415377
35 59 0.3581944257296869
36 59 0.04647407349857877
37 59 0.03160559338988134
38 59 0.3699598469131112
39 59 0.02855326229166475
40 59 0.04752550098445618
41 59 0.07087498116550127
42 59 0.11582092148044604
43 59 0.38893065136016924
44 59 0.020565919851360893
45 59 0.08703602226906693
46 59 0.13795050941758155
47 59 0.16601802482825026
48 59 0.8578773848622432
49 59 0.02867999231578864
50 59 0.23999441363971874
51 59 0.1209165209639484
52 59 0.3216700449313286
53 59 0.3102187287695998
54 59 0.3694546700915886
55 59 0.9427813182888518
56 59 0.05567403754339209
57 59 0.9465470194629276
58 59 0.9640978049240603
0 60 0.0016014304214687415
1 60 0.2851454660808685
2 60 0.2142111723558422
3 60 0.10308116394372346
4 60 0.3812698780984955
5 60 0.25429244246122806
6 60 0.23980207806307308
7 60 0.21714409179039273
8 60 0.39032579644555204
9 60 0.02482733587500734
10 60 0.38154715057590927
11 60 0.23432179842312065
12 60 0.14917504709605472
13 60 0.3014545370523574
14 60 0.36880605069787264
15 60 0.28826764886367034
16 60 0.2266504785937464
17 60 0.3599302411439879
18 60 0.11647489897287207
19 60 0.319821863266377
20 60 0.3471352574792095
21 60 0.14605194777621586
22 60 0.35965097405220225
23 60 0.2918488928819448
24 60 0.3039547122596215
25 60 0.10852520893439072
26 60 0.1712867704842488
27 60 0.0825081073793451
28 60 0.3758730396058712
29 60 0.20245397708838914
30 60 0.3667713477330609
31 60 0.06665586274189268
32 60 0.04403837523781476
33 60 0.37476552592837764
34 60 0.05641465307196816
35 60 0.28972300289445385
36 60 0.022714836330050225
37 60 0.3087938886580656
38 60 0.2187061443796981
39 60 0.1971594837598384
40 60 0.189696431923146
41 60 0.06929970099773582
42 60 0.08458788766415677
43 60 0.2598460235318008
44 60 0.028534397275291525
45 60 0.04159823944266843
46 60 0.07477707028023377
47 60 0.06674696668387013
48 60 0.8025856804790283
49 60 0.06468556773255378
50 60 0.25927806664448655
51 60 0.039704049674486756
52 60 0.21201737693301898
53 60 0.188517979682466
54 60 0.3112345999668232
55 60 0.12400144019138765
56 60 0.3885151845916084
57 60 0.055742416831243036
58 60 0.603799169941054
59 60 0.8787580320646788
0 61 0.2658920319397048
1 61 0.11027272110660086
2 61 0.2450456532310779
3 61 0.23341188877402158
4 61 0.06669140968688368
5 61 0.18391407794739356
6 61 0.14734847732345455
7 61 0.32371697658145604
8 61 0.11295981771535031
9 61 0.25183421167505426
10 61 0.13297181439681705
11 61 0.15769829155370152
12 61 0.2612019542075735
13 61 0.10912511888986676
14 61 0.214061928135519
15 61 0.07187989598894422
16 61 0.19648793723507538
17 61 0.22266855662000512
18 61 0.2876833413897998
19 61 0.23629832344060478
20 61 0.39822763316134924
21 61 0.2520064041448899
22 61 0.10151141595379838
23 61 0.14944504227193822
24 61 0.23356450031074225
25 61 0.373094015822026
26 61 0.17817323067424382
27 61 0.03071998762226258
28 61 0.08645666616640245
29 61 0.21394870257044835
30 61 0.32216228583648804
31 61 0.10941189465512778
32 61 0.2378431024435694
33 61 0.16149414496431722
34 61 0.3664983983008186
35 61 0.21891518766604215
36 61 0.02949490457848336
37 61 0.3961675116094838
38 61 0.24389736369326656
39 61 0.11864279859136118
40 61 0.088830981437648
41 61 0.30123669756742166
42 61 0.049363977928142955
43 61 0.05283522807938921
44 61 0.05648262397714121
45 61 0.3137708433496152
46 61 0.2629311389643319
47 61 0.09777519988071398
48 61 0.8084272952385156
49 61 0.21365961671866718
50 61 0.39447317269658155
51 61 0.01824065571409217
52 61 0.2665333768825311
53 61 0.06560407789108061
54 61 0.2834797079124266
55 61 0.9352664402656398
56 61 0.13128850839372466
57 61 0.781902769148101
58 61 0.6574111191616194
59 61 0.7867372033789269
60 61 0.7964849828193308
0 62 0.16179742873169825
1 62 0.17828749846980518
2 62 0.009482162250092331
3 62 0.35750197654621907
4 62 0.3686182737439905
5 62 0.07732444414389544
6 62 0.22589743231631473
7 62 0.12873836217839868
8 62 0.3978013874335897
9 62 0.019459577461145107
10 62 0.3095303951976104
11 62 0.23368973128633727
12 62 0.2782404044057829
13 62 0.0430272363815305
14 62 0.391084273175232
15 62 0.0003354395802313004
16 62 0.3618197515533564
17 62 0.10297352445650781
18 62 0.18040342332221415
19 62 0.19336852087724524
20 62 0.35596413005947286
21 62 0.25825698166841987
22 62 0.04625200086624166
23 62 0.23505435424631904
24 62 0.24602458172176594
25 62 0.35199773242644206
26 62 0.009989105198731574
27 62 0.398836697264968
28 62 0.05389625132488978
29 62 0.38083786993947
30 62 0.131050366563362
31 62 0.16072718421976329
32 62 0.3228463982197195
33 62 0.07639063291623881
34 62 0.13078164366546283
35 62 0.06574173000192025
36 62 0.11243109887167213
37 62 0.0761598979788864
38 62 0.26185686264868
39 62 0.09669533087669407
40 62 0.008391107486405947
41 62 0.6908383648049282
42 62 0.025925867277519245
43 62 0.01656488091449635
44 62 0.2375478315191548
45 62 0.324906908552725
46 62 0.16718184804711023
47 62 0.39416793346396534
48 62 0.6597946286252686
49 62 0.03600982050567545
50 62 0.3479505247080582
51 62 0.018457196361059493
52 62 0.3987066327011737
53 62 0.24609445582222544
54 62 0.2503954325398895
55 62 0.9573562494610046
56 62 0.2300296289130148
57 62 0.921475102296696
58 62 0.6875465272676496
59 62 0.8886176645784705
60 62 0.7818221462028959
61 62 0.6883034331529906
0 63 0.08933156730866815
1 63 0.22761163289633482
2 63 0.07570285017909617
3 63 0.3065040747196342
4 63 0.23185434117413803
5 63 0.048331829101256885
6 63 0.39443042363521674
7 63 0.21928906235066137
8 63 0.17314172958951027
9 63 0.016737783198953072
10 63 0.20784576159603027
11 63 0.17192648909003033
12 63 0.06831913714228514
13 63 0.19522449491126684
14 63 0.13150196915509446
15 63 0.2504653655019669
16 63 0.3927256291991841
17 63 0.38118378423312244
18 63 0.2317327101130674
19 63 0.15906611550687752
20 63 0.024701396651645748
21 63 0.2608084544602991
22 63 0.17091457958037914
23 63 0.13130995835343087
24 63 0.05350249394889568
25 63 0.17775967544784577
26 63 0.15845755096076608
27 63 0.03857298952744342
28 63 0.05843972043781101
29 63 0.2562442610978796
30 63 0.19431072652077966
31 63 0.38430272540250093
32 63 0.10122855011031451
33 63 0.3527754428013848
34 63 0.16235486814874128
35 63 0.14584928880101253
36 63 0.16293155498655087
37 63 0.11872554720323963
38 63 0.3830381348473548
39 63 0.12547713065643915
40 63 0.282458468799663
41 63 0.10671504085493884
42 63 0.3951395461171898
43 63 0.1090011278250651
44 63 0.36734436695588196
45 63 0.13140376323571767
46 63 0.3371755044759894
47 63 0.2069415971115147
48 63 0.8334707672486604
49 63 0.12953630054715534
50 63 0.18511463437832754
51 63 0.14717970872292013
52 63 0.3963375208948448
53 63 0.15801460953558136
54 63 0.39157448824989594
55 63 0.9788269002441565
56 63 0.3877332515202684
57 63 0.8800604745016258
58 63 0.720631204316209
59 63 0.9765237354614147
60 63 0.6146552561383858
61 63 0.6526715249908918
62 63 0.8546817971139257
0 64 0.1292923850050834
1 64 0.35432234600819706
2 64 0.2613334613373856
3 64 0.2996064753901459
4 64 0.28909673984480466
5 64 0.26486094466802623
6 64 0.3799475854653883
7 64 0.19567245502473948
8 64 0.38474943068802364
9 64 0.16298613537828027
10 64 0.13294347539574605
11 64 0.7371073841141493
12 64 0.07697766461961045
13 64 0.35615120088592406
14 64 0.3334212457121044
15 64 0.3684049622326397
16 64 0.14583691122487458
17 64 0.1701283694637263
18 64 0.18060651511870496
19 64 0.36718584427355305
20 64 0.25979940766271237
21 64 0.2741771402217849
22 64 0.12358346627305489
23 64 0.030308537033919825
24 64 0.3918858231679405
25 64 0.20014813703420478
26 64 0.30161037617561154
27 64 0.36002717430356523
28 64 0.25566049269661745
29 64 0.3877612456470227
30 64 0.01700889901136429
31 64 0.28638269550802403
32 64 0.0789123646114081
33 64 0.179577204874203
34 64 0.19800301811858412
35 64 0.10062918550561006
36 64 0.2040172614012676
37 64 0.2671570210806375
38 64 0.17021560969627686
39 64 0.09958175879959322
40 64 0.3372264791033654
41 64 0.1649257084229471
42 64 0.017263973780200816
43 64 0.2279951156506937
44 64 0.23728651926660285
45 64 0.1977112676147229
46 64 0.34343663356898024
47 64 0.00763375198040972
48 64 0.8861516000099163
49 64 0.2603050448180163
50 64 0.08969188166801585
51 64 0.20392388189112107
52 64 0.16318070339336846
53 64 0.2859456771037635
54 64 0.2090735927348503
55 64 0.6916700026903536
56 64 0.2221698137647956
57 64 0.6141712933376609
58 64 0.6640779768712198
59 64 0.9595308044854468
60 64 0.9980948884986183
61 64 0.6692328348333926
62 64 0.7019581641302163
63 64 0.7997073147923595
0 65 0.1941092768740995
1 65 0.09048700382932831
2 65 0.16578296135638793
3 65 0.22625498213841333
4 65 0.17251259291196705
5 65 0.27815104673117536
6 65 0.3563267779966461
7 65 0.3419292414047358
8 65 0.2640080491560956
9 65 0.0427363996398773
10 65 0.3083840317580837
11 65 0.1818550244669176
12 65 0.06700974064212555
13 65 0.35954149121754286
14 65 0.3556886910769462
15 65 0.0030819235319909048
16 65 0.28685296596948395
17 65 0.3464384931750746
18 65 0.3420801775879896
19 65 0.3739313276220684
20 65 0.3927306824598826
21 65 0.176516591095987
22 65 0.2660837662354572
23 65 0.39964395333211483
24 65 0.04245613929725418
25 65 0.08658823041136549
26 65 0.1564846414417229
27 65 0.0005316126249556241
28 65 0.3532235831649751
29 65 0.35239139032417083
30 65 0.2373957164822008
31 65 0.3254806869639476
32 65 0.14788922294923465
33 65 0.06763065593814499
34 65 0.1541326211885461
35 65 0.25505754120036256
36 65 0.05676697759221257
37 65 0.3543367973602394
38 65 0.28227847933707406
39 65 0.11934125528744675
40 65 0.14138449299818986
41 65 0.20641974101492827
42 65 0.0146260637155335
43 65 0.14743623018010701
44 65 0.32621936494706205
45 65 0.23428831006075287
46 65 0.35885077759395884
47 65 0.14883341476784429
48 65 0.8113608967111337
49 65 0.08106755325930762
50 65 0.13787302079128275
51 65 0.052347520865649914
52 65 0.0731672629179307
53 65 0.14620052795943703
54 65 0.27783407688115325
55 65 0.673273040274905
56 65 0.2717129826017844
57 65 0.9321959627388987
58 65 0.6264791012198211
59 65 0.8614133860785964
60 65 0.6806662564083199
61 65 0.8538266082393873
62 65 0.803531194950324
63 65 0.8477085701877176
64 65 0.7610148894911193
0 66 0.015450262662556514
1 66 0.36616322871194673
2 66 0.35737978108407764
3 66 0.10687046551784696
4 66 0.21887731330849616
5 66 0.2622616925524016
6 66 0.25272201167270514
7 66 0.05231056738050857
8 66 0.023731715109334986
9 66 0.02872646741096867
10 66 0.1060822471425552
11 66 0.05640503607553735
12 66 0.3252026676180233
13 66 0.3100837379112107
14 66 0.1291015286028072
15 66 0.2844097933227162
16 66 0.1399124452941977
17 66 0.2995637667608033
18 66 0.224026405330626
19 66 0.318985080722789
20 66 0.07697242597040233
21 66 0.34095869327184164
22 66 0.32901321572254016
23 66 0.18196382051044077
24 66 0.0022400365447794003
25 66 0.3619786365951664
26 66 0.3452859039546118
27 66 0.2473854156773245
28 66 0.30794403924823094
29 66 0.27691156567082115
30 66 0.12210942530986896
31 66 0.31291588873866755
32 66 0.3617405224896031
33 66 0.3800967909676447
34 66 0.3898019528662957
35 66 0.0784356937031832
36 66 0.3815157392615591
37 66 0.13565294641743617
38 66 0.2440719274806149
39 66 0.36193529013178827
40 66 0.3090643872104503
41 66 0.1615065950799186
42 66 0.024938687636010703
43 66 0.0024814950116183623
44 66 0.355188903813183
45 66 0.0781164668514839
46 66 0.10884328898066178
47 66 0.03595830065568051
48 66 0.9268789183869807
49 66 0.16195368774914756
50 66 0.3965614377530001
51 66 0.22227612825342416
52 66 0.14552613595299077
53 66 0.07168077010183231
54 66 0.2703163570746285
55 66 0.18194451810908904
56 66 0.14456665292432427
57 66 0.26148221954430406
58 66 0.9454486388360571
59 66 0.6411342660818952
60 66 0.7265180501150719
61 66 0.8600193513329573
62 66 0.8606704988038352
63 66 0.9898792188571819
64 66 0.9564561730988786
65 66 0.8030400566182704
0 67 0.21890486932481618
1 67 0.19743919851063563
2 67 0.1674513446814635
3 67 0.3626173634219044
4 67 0.31015440196826444
5 67 0.1119007262353799
6 67 0.319200858663219
7 67 0.3507634132363701
8 67 0.27952742132141684
9 67 0.3780272450506227
10 67 0.333805633353141
11 67 0.11434258322378513
12 67 0.3365455084343118
13 67 0.11471327797662784
14 67 0.275846268465287
15 67 0.32642454365216955
16 67 0.2008280256404097
17 67 0.19476911697151503
18 67 0.1272375928661018
19 67 0.29367600290809603
20 67 0.15244951464466286
21 67 0.3974155116695208
22 67 0.08077317580044921
23 67 0.25779237158378787
24 67 0.28266737010121623
25 67 0.06882538211207674
26 67 0.355979462261729
27 67 0.3665186265755815
28 67 0.3524399383440387
29 67 0.3915007081841782
30 67 0.06426322419213819
31 67 0.03262706636005861
32 67 0.054160563917039634
33 67 0.20702155182435647
34 67 0.10273516491112007
35 67 0.33232671479212206
36 67 0.2586187118681692
37 67 0.32731773919451523
38 67 0.37515766063032685
39 67 0.21778773186738087
40 67 0.17303768513313292
41 67 0.2488800805535711
42 67 0.1571451630800446
43 67 0.347306977401889
44 67 0.09526065631341406
45 67 0.03385002893194571
46 67 0.2646472748289889
47 67 0.18939961918095963
48 67 0.18413537793712523
49 67 0.1585220558548991
50 67 0.2955213036265395
51 67 0.12421415005396104
52 67 0.06237569299037796
53 67 0.2421738102316459
54 67 0.07866635902014396
55 67 0.31214610417810223
56 67 0.3557971642055767
57 67 0.7968632163384077
58 67 0.36407368414874736
59 67 0.39262733859183685
60 67 0.030668423860322494
61 67 0.22885527296364777
62 67 0.3748481557536647
63 67 0.2242600798647769
64 67 0.1507253152831013
65 67 0.3105345865280114
66 67 0.15042209210933155
0 68 0.21098841682083846
1 68 0.14521981627210684
2 68 0.18962211988266453
3 68 0.02042985505851358
4 68 0.14983112437879656
5 68 0.1389526733150302
6 68 0.07946085477341361
7 68 0.21807773672244482
8 68 0.2492259841679666
9 68 0.024907994912139266
10 68 0.060038357206437354
11 68 0.7953475206174785
12 68 0.05789715509501936
13 68 0.33932061156343235
14 68 0.17358211859942985
15 68 0.07991852074300354
16 68 0.18178870074657635
17 68 0.28454529940926476
18 68 0.3879508909365876
19 68 0.38036468963104086
20 68 0.23886587984032787
21 68 0.3018727191720365
22 68 0.1148944685185739
23 68 0.08979077118504053
24 68 0.8135389779002095
25 68 0.9372036503203947
26 68 0.18521145474857317
27 68 0.6391578135368225
28 68 0.2623372557586611
29 68 0.17539383442819423
30 68 0.39890369243340684
31 68 0.3715523500350259
32 68 0.01086362241374288
33 68 0.15042424189062517
34 68 0.15912976651018398
35 68 0.3332507366885902
36 68 0.02135238899996077
37 68 0.08411195670239363
38 68 0.3966230313111243
39 68 0.3286256555556487
40 68 0.2546806827004891
41 68 0.6418991728100862
42 68 0.19952064139143416
43 68 0.3161703310303857
44 68 0.1695766681420918
45 68 0.37350187028509946
46 68 0.19072043126833013
47 68 0.3450765786382861
48 68 0.7867268817889207
49 68 0.35201835939761167
50 68 0.27688111817603345
51 68 0.2923870105861295
52 68 0.1006565990364679
53 68 0.07445617920421173
54 68 0.019783652071004278
55 68 0.2017074502086608
56 68 0.15860706093840143
57 68 0.36050601604143107
58 68 0.14323459794750854
59 68 0.01806066071271082
60 68 0.13155434086520287
61 68 0.10880022420624864
62 68 0.22604715570248246
63 68 0.18065408694509402
64 68 0.11241520942293781
65 68 0.3777576546464463
66 68 0.19951959976553107
67 68 0.3051569240753896
0 69 0.17674067143747904
1 69 0.10912218245953637
2 69 0.21104780901245368
3 69 0.2272982197903775
4 69 0.16748671694256673
5 69 0.10177064981080375
6 69 0.2892742621662699
7 69 0.29291408453057394
8 69 0.33596182125994356
9 69 0.3201257229039673
10 69 0.2084850397894445
11 69 0.9910947101996561
12 69 0.14931606432442002
13 69 0.11415067662333418
14 69 0.004677471479023465
15 69 0.273973079450814
16 69 0.3821883804349954
17 69 0.23798292395697823
18 69 0.05863262407430967
19 69 0.2935771661486271
20 69 0.32628854984731287
21 69 0.030721834827653983
22 69 0.24576652394627596
23 69 0.11486559652330262
24 69 0.7540063029974446
25 69 0.9533830923819798
26 69 0.21324260737809972
27 69 0.8597730493647269
28 69 0.09357017535399073
29 69 0.3341615121822934
30 69 0.1739882236625821
31 69 0.3444863874473204
32 69 0.36414102458145364
33 69 0.33901843128823345
34 69 0.25339200718667476
35 69 0.1529149046655599
36 69 0.39318727931575936
37 69 0.2870857983301049
38 69 0.19174294423536545
39 69 0.19670300063231855
40 69 0.2356674731513727
41 69 0.6447024540921114
42 69 0.19605411151604582
43 69 0.049179023446004555
44 69 0.12198630188589968
45 69 0.04403463920352442
46 69 0.36331591387708984
47 69 0.3651790531418943
48 69 0.9263739001004684
49 69 0.13663127271033107
50 69 0.38283388908061233
51 69 0.06491352581228026
52 69 0.32634545006256155
53 69 0.2626229030516457
54 69 0.11764248824532975
55 69 0.11021573924037296
56 69 0.09832037366719658
57 69 0.059464996557171634
58 69 0.10927507833449322
59 69 0.37546660351864775
60 69 0.07874674074923732
61 69 0.17715117688966192
62 69 0.2375607001119059
63 69 0.23040068101717914
64 69 0.2226610245896238
65 69 0.040550767896114295
66 69 0.07005382471288035
67 69 0.002672457268126394
68 69 0.8238074074649886
0 70 0.11614260022736463
1 70 0.1255873372342145
2 70 0.09358210131977703
3 70 0.36596826728979626
4 70 0.011621634338764154
5 70 0.04646408287169179
6 70 0.18043782098551092
7 70 0.19148883859184374
8 70 0.384228773816312
9 70 0.10572807365904646
10 70 0.38311376299913846
11 70 0.7319270326689284
12 70 0.2582463974572901
13 70 0.22500431612013405
14 70 0.23741822689557526
15 70 0.16179220958572033
16 70 0.13484209403066036
17 70 0.19014171748963668
18 70 0.33240965233685643
19 70 0.2702854928863216
20 70 0.286194818294315
21 70 0.15539365927276882
22 70 0.2247062623609975
23 70 0.3953035069983839
24 70 0.8837816765380235
25 70 0.9392497130569556
26 70 0.33806189547586735
27 70 0.6758333448379199
28 70 0.2997403393484312
29 70 0.06699906256167627
30 70 0.16723030006914025
31 70 0.060064709062739086
32 70 0.14980119893612995
33 70 0.39698290284115756
34 70 0.007229537281881804
35 70 0.228446235108061
36 70 0.09948604850024255
37 70 0.2052054269633552
38 70 0.2879322402098083
39 70 0.31868979718830587
40 70 0.38473083385755036
41 70 0.6150255720980404
42 70 0.011648139599737296
43 70 0.34056982523561374
44 70 0.3094646242451075
45 70 0.1362400435589715
46 70 0.20908501000735058
47 70 0.3844943941584442
48 70 0.07649255582829824
49 70 0.372200855550155
50 70 0.35268689063460673
51 70 0.025828122585825588
52 70 0.06552391222134087
53 70 0.3920923141499747
54 70 0.310538186495177
55 70 0.16497138457962507
56 70 0.23403567121521865
57 70 0.19992052442182337
58 70 0.8584326839156251
59 70 0.3536359060043569
60 70 0.05738455281427122
61 70 0.2514896023765709
62 70 0.35836511135922205
63 70 0.31841115796913255
64 70 0.28638723645674974
65 70 0.09341115671147296
66 70 0.3834719913924493
67 70 0.2263740745082462
68 70 0.8541366725333797
69 70 0.8186725296002089
0 71 0.3277499467667061
1 71 0.2663879603274706
2 71 0.28320734498547
3 71 0.22984001774492668
4 71 0.2888034844442997
5 71 0.0028633851227266582
6 71 0.260051464080843
7 71 0.08611591962604154
8 71 0.0548033582953182
9 71 0.06941891574635664
10 71 0.3157379748533429
11 71 0.8732299264719741
12 71 0.22528905839146152
13 71 0.3246002330773854
14 71 0.08151530829426341
15 71 0.0985713088898494
16 71 0.14533599326332977
17 71 0.09572122771757403
18 71 0.18944890703068518
19 71 0.2888137777560528
20 71 0.040056509500525375
21 71 0.3463534610897616
22 71 0.15265320804531324
23 71 0.08367285129823734
24 71 0.37575523337788663
25 71 0.6123533626825597
26 71 0.3779905690496063
27 71 0.8535052942649715
28 71 0.36152743567486345
29 71 0.2740736070644688
30 71 0.18833218243265284
31 71 0.3484479111524073
32 71 0.26917851791185543
33 71 0.04522082204190481
34 71 0.3112892309693785
35 71 0.32718781439982325
36 71 0.10694153183005316
37 71 0.1239877614817674
38 71 0.01222776685728162
39 71 0.3020366190066606
40 71 0.21871126309802502
41 71 0.6857810354624516
42 71 0.08533893997697116
43 71 0.11289528096437539
44 71 0.016290207928395483
45 71 0.3325355230880662
46 71 0.2692666787511078
47 71 0.13898963299641084
48 71 0.8839008855891337
49 71 0.13913131073519366
50 71 0.08519568386788134
51 71 0.20014047157701326
52 71 0.11295861332594766
53 71 0.34797578544388474
54 71 0.2545572289835835
55 71 0.34815209800244884
56 71 0.2435184608957303
57 71 0.31385712767351986
58 71 0.2587676200908317
59 71 0.060150935922755715
60 71 0.24861979082678373
61 71 0.23699026665701603
62 71 0.02424385306405981
63 71 0.11201153123110547
64 71 0.13498613097786022
65 71 0.320398940564111
66 71 0.25414641655091014
67 71 0.23837272126750433
68 71 0.7495008317057095
69 71 0.7533989838404159
70 71 0.9353961711884324
0 72 0.15720619312688627
1 72 0.09036064861095242
2 72 0.055205080002924636
3 72 0.30364142594518667
4 72 0.19288825348623906
5 72 0.06896288511226004
6 72 0.05392031951204484
7 72 0.11246272430935221
8 72 0.2087462324315601
9 72 0.21875102027547305
10 72 0.14434866934556237
11 72 0.8237503396847824
12 72 0.34958684361750464
13 72 0.13732777622799622
14 72 0.04053929605615059
15 72 0.35028352252555556
16 72 0.17847706317118184
17 72 0.0637933841693751
18 72 0.38404158887174705
19 72 0.37817350885620993
20 72 0.25611173552292027
21 72 0.33737793335795646
22 72 0.0992437317981426
23 72 0.2990769008682164
24 72 0.39080550251288393
25 72 0.14393873220775838
26 72 0.8975902885144565
27 72 0.6993716438137482
28 72 0.23401840582137712
29 72 0.00914246417295055
30 72 0.313166968745935
31 72 0.3609631224236236
32 72 0.09748596680275289
33 72 0.1893783146389436
34 72 0.09433734346700882
35 72 0.012968915238219126
36 72 0.2754388464243926
37 72 0.2126943902693219
38 72 0.3256293871107445
39 72 0.38602698774702215
40 72 0.08514915328327005
41 72 0.03400291154689455
42 72 0.25077791738316974
43 72 0.023354627044968046
44 72 0.09885068522445223
45 72 0.2657469133615706
46 72 0.01793234205307428
47 72 0.23575423422647704
48 72 0.1995081297503278
49 72 0.09628860420809145
50 72 0.15859283354928053
51 72 0.18873190929939587
52 72 0.35522102196935257
53 72 0.23865190056980015
54 72 0.004317447731516611
55 72 0.06653211893816828
56 72 0.11963943274670888
57 72 0.003469984303170826
58 72 0.09479326445780134
59 72 0.24877862225865677
60 72 0.26028838738421467
61 72 0.13482628881247835
62 72 0.14464935628701242
63 72 0.2629613185483445
64 72 0.06242930946313017
65 72 0.23999840282181317
66 72 0.22687029263292421
67 72 0.019918480884885348
68 72 0.2052365708790438
69 72 0.27589041639266537
70 72 0.1822070948283371
71 72 0.3296374026370018
0 73 0.31467853183094135
1 73 0.31213645968682263
2 73 0.37903976770765824
3 73 0.020711288660057826
4 73 0.2936470348770898
5 73 0.22825596262440287
6 73 0.2975669010551462
7 73 0.27795151479259456
8 73 0.09160237512566255
9 73 0.15313456343347942
10 73 0.11606195746540111
11 73 0.2063151393295709
12 73 0.22839633585352065
13 73 0.20875653170726585
14 73 0.14068434483921033
15 73 0.26855893342200327
16 73 0.10841440130375868
17 73 0.3551821992116138
18 73 0.09407324009332663
19 73 0.2205751377223087
20 73 0.08617258576511495
21 73 0.2083356664433087
22 73 0.049948238833517115
23 73 0.3633438602454375
24 73 0.1155841555881922
25 73 0.0004348840377525587
26 73 0.2670829387995668
27 73 0.08901298583199045
28 73 0.1078981340243725
29 73 0.03350958895947551
30 73 0.24637360792549357
31 73 0.15619297159046358
32 73 0.10919560090244805
33 73 0.026647089192433526
34 73 0.2890248754631547
35 73 0.382283957649266
36 73 0.2613211135571215
37 73 0.004300479989960282
38 73 0.3212506782653264
39 73 0.3734752734836222
40 73 0.2885329763823076
41 73 0.1010036434590525
42 73 0.30870252472874943
43 73 0.3993396033426701
44 73 0.1741439655367532
45 73 0.26695583818028945
46 73 0.0419830223462657
47 73 0.1478106595672772
48 73 0.8931676691541215
49 73 0.33788555865299086
50 73 0.055517841513436444
51 73 0.07031682549904704
52 73 0.17491594009714573
53 73 0.3297596410870358
54 73 0.05676143330399741
55 73 0.31420069689208685
56 73 0.019700298512326377
57 73 0.1830579029451055
58 73 0.06307790719200183
59 73 0.1902252689797207
60 73 0.26601554715324743
61 73 0.12700791271010978
62 73 0.351660660632109
63 73 0.14111015916398548
64 73 0.03925483873797036
65 73 0.1302863672811692
66 73 0.02934060439512183
67 73 0.1717822235999293
68 73 0.3891214045078826
69 73 0.3387598621269678
70 73 0.272118361412426
71 73 0.11335504469423925
72 73 0.07764863837680865
0 74 0.25638027245415734
1 74 0.1409650692323648
2 74 0.18673264292767844
3 74 0.26419276993583446
4 74 0.20726376314546716
5 74 0.2958331611709421
6 74 0.21060036322273468
7 74 0.12231272193534033
8 74 0.06995331448387483
9 74 0.12678884680180294
10 74 0.09735390096017703
11 74 0.020493169753612595
12 74 0.3344538933625207
13 74 0.3379372825403661
14 74 0.1892373516758363
15 74 0.2722691008529652
16 74 0.32165233562964424
17 74 0.24451995087524692
18 74 0.3181054606672023
19 74 0.32371257180086466
20 74 0.30995456806051186
21 74 0.151356965578694
22 74 0.2740682172370379
23 74 0.3294239970831159
24 74 0.14847680970061577
25 74 0.3474697805118169
26 74 0.1856106031537298
27 74 0.16908058625446942
28 74 0.21967315758002492
29 74 0.04491289657487259
30 74 0.30501092321759327
31 74 0.39881922433656114
32 74 0.08567525282798157
33 74 0.1898546428461943
34 74 0.28112392671076064
35 74 0.3508135028367251
36 74 0.08272785504513235
37 74 0.07194651649728327
38 74 0.03820068199101612
39 74 0.14869532212957
40 74 0.12541486964067894
41 74 0.1349526394070343
42 74 0.2982998025288833
43 74 0.10193715086755684
44 74 0.07045059738152659
45 74 0.26722721118184384
46 74 0.37431691968011943
47 74 0.15463709317230837
48 74 0.6920161094993584
49 74 0.3345029616289872
50 74 0.10455244367423044
51 74 0.02725563724851572
52 74 0.19740651744675497
53 74 0.257626241449099
54 74 0.34076910404356614
55 74 0.1644632865042361
56 74 0.307306132398542
57 74 0.2958997583678589
58 74 0.05070364016136462
59 74 0.35230794499905793
60 74 0.2556287032071117
61 74 0.1022556755466432
62 74 0.3836521495955651
63 74 0.13148820948697135
64 74 0.09940210059078175
65 74 0.11159916950040279
66 74 0.380781645199894
67 74 0.17146844487853283
68 74 0.3044161062161963
69 74 0.19113682166378576
70 74 0.15038625075631576
71 74 0.3551467644676904
72 74 0.30126968552087996
73 74 0.6765930141238444
0 75 0.31820472397406485
1 75 0.12314856804994033
2 75 0.3648886378029786
3 75 0.17580122329745682
4 75 0.06869703435187295
5 75 0.021968846761935137
6 75 0.32044378901904597
7 75 0.04095351301001387
8 75 0.024396332787506747
9 75 0.3840369003139302
10 75 0.38879160058256806
11 75 0.0823727620448762
12 75 0.17919112479964316
13 75 0.07508827861491114
14 75 0.16574999098157428
15 75 0.05445785081841956
16 75 0.025609825800414623
17 75 0.3046796217898971
18 75 0.20962287587415096
19 75 0.13979109562020434
20 75 0.292728755226725
21 75 0.08384943204956796
22 75 0.3509665108097018
23 75 0.2534128060943181
24 75 0.3239048934002881
25 75 0.8610852711424986
26 75 0.3470813687165463
27 75 0.21838341172009842
28 75 0.3432445686745104
29 75 0.31330715760260885
30 75 0.2571728863942487
31 75 0.32924441474341215
32 75 0.2841147512960504
33 75 0.35373703467540196
34 75 0.22099562593181996
35 75 0.12243930323393482
36 75 0.15478390798906372
37 75 0.15841495011567913
38 75 0.17637333169016825
39 75 0.3403417248753445
40 75 0.31163935493556405
41 75 0.9962687338889933
42 75 0.23738473726829806
43 75 0.22645179635042353
44 75 0.30085931231818885
45 75 0.388190056956057
46 75 0.03779245232915836
47 75 0.3414601792603942
48 75 0.8003942001570111
49 75 0.20124262179142255
50 75 0.08171548394970736
51 75 0.08131054845097384
52 75 0.09963203482829558
53 75 0.1360197187546573
54 75 0.045768288070690936
55 75 0.36407004967801254
56 75 0.14685221625406183
57 75 0.08830900018921506
58 75 0.26758572167704914
59 75 0.3819925546816776
60 75 0.37780593377827953
61 75 0.3160928396976086
62 75 0.2788235625196259
63 75 0.2623935789335141
64 75 0.12600006063801236
65 75 0.19672928015105906
66 75 0.03717323268478321
67 75 0.23390557188354932
68 75 0.67278089719371
69 75 0.9107923468245498
70 75 0.9617479621274835
71 75 0.8077786952906074
72 75 0.27289823452166306
73 75 0.1585560679868849
74 75 0.15088517243820748
