77
0 1 0.8008198369539034
0 2 0.8749611860029952
1 2 0.20128028040957419
0 3 0.9016656358213277
1 3 0.01042737044055908
2 3 0.9517979399139708
0 4 0.6820725509926271
1 4 0.0477001256575704
2 4 0.13286193292219517
3 4 0.18548047568109008
0 5 0.8325814100173334
1 5 0.24796706046614517
2 5 0.28875495583229266
3 5 0.18064510665387
4 5 0.10767380426520712
0 6 0.663551464658879
1 6 0.14476240911457577
2 6 0.17797446965347863
3 6 0.010395830824103468
4 6 0.16717439146550378
5 6 0.01500747056797687
0 7 0.9048048088674756
1 7 0.26870516949172324
2 7 0.13559267716162948
3 7 0.33054349646454845
4 7 0.3058788594017319
5 7 0.1123079554112873
6 7 0.07421345345653221
0 8 0.9552012637587353
1 8 0.1444958582164335
2 8 0.3136886659085436
3 8 0.2480098389398441
4 8 0.09083417567135506
5 8 0.2033327730808093
6 8 0.14933304410171253
7 8 0.14220444956725908
0 9 0.8330573819444396
1 9 0.17208766600987488
2 9 0.15179876261957873
3 9 0.09422588245770244
4 9 0.20434423330187798
5 9 0.2038957192190487
6 9 0.16634780300191235
7 9 0.15666616285916152
8 9 0.23797520463244157
0 10 0.15738927154389531
1 10 0.0661054276511832
2 10 0.22379787312062224
3 10 0.1330658119242507
4 10 0.017234473614885573
5 10 0.27289739105808675
6 10 0.299682670364653
7 10 0.3041593193319379
8 10 0.12331587499218605
9 10 0.23737593244426952
0 11 0.7865626515239313
1 11 0.2689835528699502
2 11 0.8650338619637074
3 11 0.6794096250254044
4 11 0.3442027795380816
5 11 0.295168598065752
6 11 0.10157167139168331
7 11 0.14147776022931757
8 11 0.056977319072975145
9 11 0.23068030811709156
10 11 0.8216018843019055
0 12 0.3030134092007364
1 12 0.2862941160836887
2 12 0.14592749566974272
3 12 0.0766006592911439
4 12 0.06330689390569569
5 12 0.20237706252828733
6 12 0.23152365786518997
7 12 0.3260820452593374
8 12 0.12555718048356906
9 12 0.2562557541768193
10 12 0.20816049635374814
11 12 0.8096218108397618
0 13 0.07203549110463538
1 13 0.2491273963295623
2 13 0.2116141850488566
3 13 0.21859691760982786
4 13 0.16578578906546362
5 13 0.13127313831396972
6 13 0.12943443206469402
7 13 0.10417209345777087
8 13 0.33928928715845386
9 13 0.01720914264454454
10 13 0.2661737424573387
11 13 0.7597017058241786
12 13 0.23272720015637607
0 14 0.07640060443666347
1 14 0.14608010392757892
2 14 0.34793913497675016
3 14 0.2826528696906041
4 14 0.1611229250775793
5 14 0.3418292974651234
6 14 0.09318384234608756
7 14 0.2792554326683007
8 14 0.18290925117503606
9 14 0.019916481034089155
10 14 0.08522432395101878
11 14 0.9697148189133683
12 14 0.15903011478563353
13 14 0.16399455898419937
0 15 0.3466811357068698
1 15 0.300910227660692
2 15 0.31438213117642616
3 15 0.019598716988056424
4 15 0.22669619157045284
5 15 0.07901154976613212
6 15 0.3021872599894727
7 15 0.3377606405748187
8 15 0.24440289598328135
9 15 0.2466132372453095
10 15 0.25501717977440064
11 15 0.9447265974498384
12 15 0.08384519458487999
13 15 0.2619418024704456
14 15 0.3402000875012553
0 16 0.3340722650315307
1 16 0.24447726265047054
2 16 0.11331931950285114
3 16 0.25633037546829457
4 16 0.08198576948409823
5 16 0.21662398295554874
6 16 0.1844263722366605
7 16 0.1609416021276781
8 16 0.27156772935732026
9 16 0.030754218221235006
10 16 0.2616481931164312
11 16 0.026547663586991982
12 16 0.07542330860568303
13 16 0.20299557484891104
14 16 0.3221938541401682
15 16 0.17608842508116176
0 17 0.2612074675212546
1 17 0.11952769041231076
2 17 0.2566219931886759
3 17 0.23182216262044594
4 17 0.17965306712296594
5 17 0.13741345709557565
6 17 0.319667496134273
7 17 0.2877121220019992
8 17 0.18677509474446422
9 17 0.3038466204713895
10 17 0.06570503060591458
11 17 0.20620944768147126
12 17 0.1843214707142138
13 17 0.30048073755693117
14 17 0.2096988379591893
15 17 0.21005941054389335
16 17 0.9840734935594212
0 18 0.23364848245367462
1 18 0.12603898035461622
2 18 0.2550583086337409
3 18 0.1841468658138759
4 18 0.20155221244179264
5 18 0.10464199933124525
6 18 0.18757620587546003
7 18 0.009430148069919653
8 18 0.2866912980722555
9 18 0.15155437408543293
10 18 0.3445783092683477
11 18 0.17069024399903043
12 18 0.026314890776697502
13 18 0.18941402542271576
14 18 0.1482053793140775
15 18 0.015186433732871011
16 18 0.765253145963167
17 18 0.9758075703530797
0 19 0.28853356040795164
1 19 0.13943754126081329
2 19 0.10978249994614771
3 19 0.26573336721187835
4 19 0.012731863175666118
5 19 0.2669909234205672
6 19 0.1406304138524426
7 19 0.16487545880420987
8 19 0.10696203909199496
9 19 0.22736532071750107
10 19 0.09295111132010077
11 19 0.13836073319762357
12 19 0.1919338171481296
13 19 0.09274047351814133
14 19 0.09967934663904002
15 19 0.12101948356517715
16 19 0.9431757359521116
17 19 0.6992942518250365
18 19 0.9773721821830953
0 20 0.07462429012049157
1 20 0.3336967222331961
2 20 0.0051164120235416
3 20 0.04340133239994777
4 20 0.19623771239316487
5 20 0.3408485205684023
6 20 0.08380285465571966
7 20 0.004346654493003498
8 20 0.1465745906825629
9 20 0.1548303978240041
10 20 0.3150969182439957
11 20 0.045989564247004094
12 20 0.12129501390872931
13 20 0.11000496976512941
14 20 0.050856218884174374
15 20 0.1562973058285358
16 20 0.6788313476869215
17 20 0.6762149626267191
18 20 0.7356391729915316
19 20 0.8871379851111144
0 21 0.0818999484287204
1 21 0.22788648943070838
2 21 0.02952504062653323
3 21 0.10308504691461272
4 21 0.19209734211234653
5 21 0.04121515313399703
6 21 0.29391447573771534
7 21 0.30107541216610867
8 21 0.2917156353669109
9 21 0.335496892021603
10 21 0.25976351295067557
11 21 0.15265306408881885
12 21 0.19875766573703887
13 21 0.03337855605469614
14 21 0.14387189874242437
15 21 0.09173319640230401
16 21 0.9042600141413856
17 21 0.9897042631181878
18 21 0.8090804823988966
19 21 0.9249792218970885
20 21 0.941244395525188
0 22 0.07921980829132473
1 22 0.2396858981900409
2 22 0.2772356664550572
3 22 0.2682012547171658
4 22 0.14721778460417903
5 22 0.09446537368018783
6 22 0.28407918253580866
7 22 0.29835056203746085
8 22 0.19490496983772082
9 22 0.2051837364216957
10 22 0.043932690021656944
11 22 0.1383851785860676
12 22 0.08858833689079972
13 22 0.24425230957500324
14 22 0.1345433599141343
15 22 0.26358356719799203
16 22 0.9870091320443716
17 22 0.812825488923884
18 22 0.9432478700855591
19 22 0.9328405615819131
20 22 0.9708862688837311
21 22 0.8716365542378557
0 23 0.015964060945731526
1 23 0.00458170962367484
2 23 0.23356689593081906
3 23 0.17247164390959052
4 23 0.1354713425301729
5 23 0.25783737378402716
6 23 0.0836819186103086
7 23 0.17965494858206285
8 23 0.2518493332047618
9 23 0.2737336127489563
10 23 0.06703635867678807
11 23 0.9472082781284026
12 23 0.9695708337831435
13 23 0.17892350449729136
14 23 0.06264530727068336
15 23 0.28473546682194995
16 23 0.7720045917483932
17 23 0.6781742811784142
18 23 0.6648816921251784
19 23 0.710950383708622
20 23 0.7657119145956549
21 23 0.6572707004091229
22 23 0.987410138652019
0 24 0.044193490445359515
1 24 0.14731417279406803
2 24 0.3041560722330639
3 24 0.2056760248186524
4 24 0.18485514885827295
5 24 0.1176684990010003
6 24 0.24591227528313017
7 24 0.33134387114454367
8 24 0.1527175269658179
9 24 0.05038735614005089
10 24 0.08133536330098247
11 24 0.8562226754793311
12 24 0.13278953578377203
13 24 0.2379681613929358
14 24 0.14543085635605804
15 24 0.09591252595090019
16 24 0.2909875720235518
17 24 0.0393431464916234
18 24 0.03181059187736902
19 24 0.2359439525443889
20 24 0.17993375231835662
21 24 0.0810129068156726
22 24 0.05097670057823925
23 24 0.9754111838136302
0 25 0.0283900788977801
1 25 0.1316100603821833
2 25 0.0008331302871461554
3 25 0.09357080551216611
4 25 0.0379745731362875
5 25 0.1822733372650276
6 25 0.07757167768999546
7 25 0.20657483207575916
8 25 0.1712268644658796
9 25 0.12238981960261824
10 25 0.2973110552638216
11 25 0.6986811474316524
12 25 0.26829381103602923
13 25 0.0030367089118979174
14 25 0.1889625775219964
15 25 0.1525994365751803
16 25 0.2365117911716026
17 25 0.03676056386088267
18 25 0.2731300451377902
19 25 0.040324552958229065
20 25 0.3109245327482811
21 25 0.17979788080787376
22 25 0.008537370091687924
23 25 0.7890882061068679
24 25 0.6504301283323918
0 26 0.17038803407204461
1 26 0.20240368269118622
2 26 0.2882767854780518
3 26 0.013308661647197816
4 26 0.34265575062954196
5 26 0.2831652726241109
6 26 0.30752941507462367
7 26 0.26971378097858223
8 26 0.03052633660230406
9 26 0.30363362673987804
10 26 0.2552113271126048
11 26 0.9800776049343097
12 26 0.3242371890317573
13 26 0.22810536959862748
14 26 0.0398092031595766
15 26 0.2549163331814017
16 26 0.7433905960107877
17 26 0.2997647313875246
18 26 0.29249607549070283
19 26 0.27304560059251864
20 26 0.06378060941695395
21 26 0.09170977638253675
22 26 0.22292233821886565
23 26 0.22530112391185791
24 26 0.9172114902713396
25 26 0.8396425806202281
0 27 0.22011059001697605
1 27 0.28448052538462554
2 27 0.29014945894268346
3 27 0.12926999141133733
4 27 0.1949987049283191
5 27 0.2637116962073262
6 27 0.2874389526919468
7 27 0.27061486264014856
8 27 0.31400722158946676
9 27 0.04048385485873012
10 27 0.03048593339077935
11 27 0.8497718813206021
12 27 0.12467626609798511
13 27 0.3267129325098186
14 27 0.0476474636451117
15 27 0.28877747108804885
16 27 0.08820582178467312
17 27 0.05055513281351431
18 27 0.09103467969002628
19 27 0.29082661198750936
20 27 0.23914049796091363
21 27 0.16844064060604222
22 27 0.13857766808855435
23 27 0.8498402290957637
24 27 0.8977434503337964
25 27 0.9105084178207385
26 27 0.912428637599213
0 28 0.11793141709136579
1 28 0.051166815157495465
2 28 0.3415969445980795
3 28 0.3491694986193293
4 28 0.22454667210393175
5 28 0.34271010369563476
6 28 0.1848435346448976
7 28 0.2463583240695954
8 28 0.14696911489175865
9 28 0.18096463217349446
10 28 0.21319101404936341
11 28 0.8728098288382705
12 28 0.14475118647130367
13 28 0.33056273798576885
14 28 0.02893640781570552
15 28 0.021166611940641303
16 28 0.024265283509861738
17 28 0.33585391797714154
18 28 0.031976231750962605
19 28 0.08861378104141807
20 28 0.33459136732417577
21 28 0.04352830201159808
22 28 0.015315415545620525
23 28 0.14238600701891369
24 28 0.34540994916045803
25 28 0.19798863792575297
26 28 0.1709686087767214
27 28 0.7247769194236662
0 29 0.33293960863226746
1 29 0.08142152975138861
2 29 0.007536062660476028
3 29 0.28952637890013944
4 29 0.29648689337933953
5 29 0.0241924076253241
6 29 0.24430777963690503
7 29 0.26658085171988855
8 29 0.20996922046135238
9 29 0.001945619955465505
10 29 0.3428983037597199
11 29 0.8368351966438237
12 29 0.13320801628442586
13 29 0.20700937403905767
14 29 0.028263094659999554
15 29 0.10850252932733556
16 29 0.035388795076098906
17 29 0.26828864404042796
18 29 0.3369411339339885
19 29 0.07371002994713968
20 29 0.054312931121007935
21 29 0.2876778253063079
22 29 0.27721492649172735
23 29 0.8607151683336319
24 29 0.19639748517599442
25 29 0.1483606149053806
26 29 0.06859789212707237
27 29 0.8359753810852483
28 29 0.043807892391675984
0 30 0.03396978679969713
1 30 0.2174484009646566
2 30 0.2683569481651477
3 30 0.09874889527535553
4 30 0.3308070892329769
5 30 0.14298962180258148
6 30 0.06199399913957138
7 30 0.03955277345862501
8 30 0.06449121163934325
9 30 0.05796051160465791
10 30 0.13471090170496544
11 30 0.1266837026210006
12 30 0.20427601048391583
13 30 0.2748809745253481
14 30 0.29789561750056404
15 30 0.06798661580506535
16 30 0.19314870680012108
17 30 0.0040072376161439105
18 30 0.2560438752045173
19 30 0.12021733290074803
20 30 0.03552880821537159
21 30 0.27449930226650743
22 30 0.09489422662905285
23 30 0.8643090393619821
24 30 0.02237636948901793
25 30 0.14419773105771191
26 30 0.048136194332862564
27 30 0.21884598155466833
28 30 0.06400396386564207
29 30 0.05729185650311164
0 31 0.038221483356064664
1 31 0.21922405381803647
2 31 0.3025464872634414
3 31 0.24602802322400627
4 31 0.3395304514481703
5 31 0.10865199303225767
6 31 0.03595383883735087
7 31 0.01516720424322308
8 31 0.18635685827519674
9 31 0.1053825707433351
10 31 0.0028754395657349606
11 31 0.7145315500542365
12 31 0.08178740160824252
13 31 0.3356782455757057
14 31 0.16391453771187867
15 31 0.027630836989788098
16 31 0.13169625100872684
17 31 0.03575562346330307
18 31 0.05490018367677599
19 31 0.15969757529869325
20 31 0.26374324486295203
21 31 0.2768449986804741
22 31 0.13829076517573788
23 31 0.9832120607780257
24 31 0.18302292925295757
25 31 0.020970621774741238
26 31 0.0934687374652505
27 31 0.869480336710508
28 31 0.2591085529798293
29 31 0.24936900816070803
30 31 0.9165491654417933
0 32 0.22215709471181552
1 32 0.2697997470477145
2 32 0.32355853461894046
3 32 0.3167150644789275
4 32 0.049854487383907485
5 32 0.10351759711534622
6 32 0.05703671488377394
7 32 0.2107835792223018
8 32 0.15415448242449617
9 32 0.08323258008225731
10 32 0.31993116737185906
11 32 0.8105556723472782
12 32 0.28529685510949687
13 32 0.2803819995072884
14 32 0.2441213644377567
15 32 0.07328091302881948
16 32 0.15212176703013836
17 32 0.05547200555302038
18 32 0.3177362025048826
19 32 0.023831728632578025
20 32 0.23202439037924227
21 32 0.03717313160903398
22 32 0.1556819648503432
23 32 0.21703612569052988
24 32 0.2788781880855105
25 32 0.2477314155089981
26 32 0.2007245593048012
27 32 0.16401881551117425
28 32 0.3122199981173514
29 32 0.0021191163385983368
30 32 0.24509014773106233
31 32 0.14255539980259074
0 33 0.33127948361769505
1 33 0.12300774135530758
2 33 0.17233347277965624
3 33 0.347250753434488
4 33 0.3255586769058778
5 33 0.33625914111101113
6 33 0.2812658062795725
7 33 0.020105946750912217
8 33 0.22014084664704034
9 33 0.24375296179636122
10 33 0.16470629435103343
11 33 0.7439539290324023
12 33 0.07787404640964354
13 33 0.19771599125951328
14 33 0.23305623237365725
15 33 0.024409546863067455
16 33 0.295199904964661
17 33 0.32271322084903026
18 33 0.1130245536882535
19 33 0.2725241905621798
20 33 0.07094370307563133
21 33 0.2063666932185449
22 33 0.18580154895261572
23 33 0.2408569888323405
24 33 0.0947214272517777
25 33 0.23917748271238384
26 33 0.20502287594412477
27 33 0.8656202079554357
28 33 0.1578604090106151
29 33 0.22516999482233999
30 33 0.20623806516733145
31 33 0.2599919181176033
32 33 0.29141203171373176
0 34 0.3082381672407027
1 34 0.0904379021882546
2 34 0.02699896388894821
3 34 0.11408018735508266
4 34 0.15652213604001555
5 34 0.3022892931348362
6 34 0.3427741768187412
7 34 0.08187412833242916
8 34 0.1399670803895894
9 34 0.26494287969377467
10 34 0.026162993831832553
11 34 0.6873042071931921
12 34 0.07486180056257542
13 34 0.002084449448540848
14 34 0.0772391964052951
15 34 0.13688043498040425
16 34 0.2247972631879769
17 34 0.31498484255975057
18 34 0.22225783910582864
19 34 0.23088199784730307
20 34 0.1604915445842371
21 34 0.3075678225086623
22 34 0.06045055761383219
23 34 0.06582759443994479
24 34 0.03385335403939582
25 34 0.1795757475749107
26 34 0.0561817279577528
27 34 0.14055939907046452
28 34 0.326217356090416
29 34 0.6842759985913333
30 34 0.01929162765064274
31 34 0.18823150092016874
32 34 0.0702548722809013
33 34 0.2794055504238234
0 35 0.29590348469286254
1 35 0.09139557865798605
2 35 0.24536317387622542
3 35 0.07905628320960405
4 35 0.3303254374891789
5 35 0.34757593225283523
6 35 0.06963728931435206
7 35 0.015100330897291613
8 35 0.3326353220442252
9 35 0.2158430717324602
10 35 0.0901507920757845
11 35 0.8333722438644092
12 35 0.2193546170606835
13 35 0.25541603664883694
14 35 0.29166524336370586
15 35 0.06216043604059812
16 35 0.17425490092483162
17 35 0.2224306591225974
18 35 0.2142059426091897
19 35 0.05023723666874054
20 35 0.06530150015370352
21 35 0.08266960821824097
22 35 0.21888205128518298
23 35 0.2128247434487814
24 35 0.2161349763550427
25 35 0.0866929796467627
26 35 0.2600704497438902
27 35 0.3197730079617025
28 35 0.22039548048234792
29 35 0.9583713369881919
30 35 0.31119631439762235
31 35 0.10381096255372418
32 35 0.1593131087792484
33 35 0.190386290066855
34 35 0.9518390849238447
0 36 0.2465083972816433
1 36 0.2815893412342531
2 36 0.0613587762012457
3 36 0.14205818068096904
4 36 0.2476655465970186
5 36 0.14829996876793378
6 36 0.09331828057211992
7 36 0.08560954596797049
8 36 0.11053621566912786
9 36 0.19758168221866268
10 36 0.2875765035521597
11 36 0.9815559994688015
12 36 0.29185991763710745
13 36 0.24365149998906113
14 36 0.1858096379572402
15 36 0.12952815237171741
16 36 0.3488720184880221
17 36 0.1685729846384699
18 36 0.06998064952425442
19 36 0.3323348372593198
20 36 0.16089473279545108
21 36 0.04699178377656823
22 36 0.14602158997085884
23 36 0.02706151687944634
24 36 0.2424841741241766
25 36 0.2507002002416152
26 36 0.3207033699769054
27 36 0.268380995528917
28 36 0.19996204688617872
29 36 0.850670300500784
30 36 0.019227857105495964
31 36 0.08601346786630867
32 36 0.3190449296941875
33 36 0.25161447812162724
34 36 0.751630723277845
35 36 0.9799877651453457
0 37 0.1834097570527463
1 37 0.20489197310590487
2 37 0.2842521254901461
3 37 0.08008711949566161
4 37 0.11851081507865659
5 37 0.0633422774867089
6 37 0.24753548207244597
7 37 0.33060569481709834
8 37 0.3288862537872675
9 37 0.18836593614889696
10 37 0.13025839289022487
11 37 0.8551284764131857
12 37 0.043363351181475523
13 37 0.32171992127614213
14 37 0.02005780040415643
15 37 0.13713001656100823
16 37 0.08050050264162903
17 37 0.2284500261201291
18 37 0.1846134184407263
19 37 0.005642896951256693
20 37 0.13090160741571677
21 37 0.08020528880909633
22 37 0.07337766668630344
23 37 0.30232742042916916
24 37 0.2612880736229664
25 37 0.011592424598614858
26 37 0.18077518678269536
27 37 0.0683981654273286
28 37 0.04967089578101471
29 37 0.9612781987597603
30 37 0.3436958679301006
31 37 0.30414177977964424
32 37 0.25141926459345854
33 37 0.07332433465941546
34 37 0.9926062942287495
35 37 0.7027228836802195
36 37 0.9877141904199381
0 38 0.18341997236640656
1 38 0.223058408432617
2 38 0.24177260077433638
3 38 0.0868299688432136
4 38 0.08465798359792957
5 38 0.22043252478987985
6 38 0.11731954206702049
7 38 0.26898211503411584
8 38 0.05740500523315074
9 38 0.042172932414336096
10 38 0.06865688954244094
11 38 0.8306280137974271
12 38 0.11287716917623389
13 38 0.34879894576570397
14 38 0.3083043686720305
15 38 0.26835617201174233
16 38 0.3189101614960322
17 38 0.16560894447821442
18 38 0.3108739861175627
19 38 0.029511519042355088
20 38 0.34131615951148875
21 38 0.2778045774466429
22 38 0.21682146272270386
23 38 0.04612408573547371
24 38 0.24134577237068783
25 38 0.24738479720725218
26 38 0.13268636516416624
27 38 0.02759910942769819
28 38 0.2715620872758439
29 38 0.7528023280150699
30 38 0.1310656145379781
31 38 0.3429276459962875
32 38 0.17486185434265555
33 38 0.25607029315656865
34 38 0.9923317429330198
35 38 0.8033729148625386
36 38 0.9516426868610305
37 38 0.9460249845167803
0 39 0.037192338231587546
1 39 0.1605815607721614
2 39 0.12597505996358063
3 39 0.1718256377485259
4 39 0.14380651653121876
5 39 0.22556818098656256
6 39 0.3296602751108066
7 39 0.2891107931071729
8 39 0.3242293974667494
9 39 0.003660596399004567
10 39 0.12308323772144639
11 39 0.3012556856560447
12 39 0.1015139524602952
13 39 0.17354619650864062
14 39 0.16700465098294132
15 39 0.2747998088994762
16 39 0.193565329074734
17 39 0.0306427250594336
18 39 0.005902572948284051
19 39 0.3221463041879971
20 39 0.29689882276311974
21 39 0.278943953812438
22 39 0.05185344830128688
23 39 0.266063140336588
24 39 0.22301423331624964
25 39 0.6780233812863704
26 39 0.3022409725826532
27 39 0.3382027933191099
28 39 0.2757163506805109
29 39 0.21934832412408886
30 39 0.15813323455105643
31 39 0.1584050775851784
32 39 0.31733135285032166
33 39 0.32578865225675907
34 39 0.0508922587948292
35 39 0.20542365597525952
36 39 0.185435604761554
37 39 0.25296481755432587
38 39 0.049449049989947695
0 40 0.1420926938943965
1 40 0.06869122656087333
2 40 0.2963326008904242
3 40 0.2889501563329976
4 40 0.2328130651828442
5 40 0.12455107783549853
6 40 0.29748683165447737
7 40 0.04623536213870931
8 40 0.14278241056255325
9 40 0.30534930085002127
10 40 0.26355723008358983
11 40 0.16041749017580173
12 40 0.1454902273537255
13 40 0.20738535978422942
14 40 0.18858816705329742
15 40 0.005837788846170654
16 40 0.10695425785464735
17 40 0.20810700529718273
18 40 0.006523889281610656
19 40 0.16577241197239537
20 40 0.17215090518670023
21 40 0.3094926391920643
22 40 0.16455201827338858
23 40 0.2473536321949443
24 40 0.01263913255748168
25 40 0.9299584444930074
26 40 0.25538436510812956
27 40 0.0741819420148306
28 40 0.3244924986811853
29 40 0.15783930203262206
30 40 0.2223420919416219
31 40 0.04692061224850619
32 40 0.274248085640926
33 40 0.13696150973650806
34 40 0.05050852282067189
35 40 0.1507054446870456
36 40 0.17673799710330337
37 40 0.16759620276046663
38 40 0.16039515583612102
39 40 0.31813651295512047
0 41 0.334832327348337
1 41 0.24624529104737675
2 41 0.0036413666388435905
3 41 0.1713635146208564
4 41 0.04461813302043616
5 41 0.31294116569049474
6 41 0.009202390454089803
7 41 0.23214122814965754
8 41 0.20639165495841846
9 41 0.0717509193932099
10 41 0.19998527254864895
11 41 0.3123503762954496
12 41 0.1543405540238775
13 41 0.04667576177986588
14 41 0.0486052587725259
15 41 0.2551426023029662
16 41 0.04418877230892723
17 41 0.26424978946470473
18 41 0.2651075571393541
19 41 0.03156568766741219
20 41 0.11733659614271895
21 41 0.07586030292726956
22 41 0.08349320800167234
23 41 0.08177353407761442
24 41 0.7815981417792963
25 41 0.7988745539487081
26 41 0.22206727706008383
27 41 0.11847878411548943
28 41 0.14948291881020173
29 41 0.15655826903401462
30 41 0.1362914024295134
31 41 0.1935153815308821
32 41 0.09532783451290312
33 41 0.026654165232990544
34 41 0.16214975458701217
35 41 0.01107053400333225
36 41 0.06037592662784497
37 41 0.19794231938439408
38 41 0.3482992875165441
39 41 0.34474276959547134
40 41 0.26004469048275586
0 42 0.33315401086414353
1 42 0.2869606109328706
2 42 0.10915621396602385
3 42 0.07884621540783872
4 42 0.26214387863414595
5 42 0.07752011001663496
6 42 0.0711050304459274
7 42 0.18823153362793388
8 42 0.3040362616423522
9 42 0.10554919449704178
10 42 0.12735360639430116
11 42 0.20824730483074247
12 42 0.10891085847398883
13 42 0.10957743333770852
14 42 0.33963510801096297
15 42 0.2024854716146384
16 42 0.13228296894651684
17 42 0.18277283632248828
18 42 0.060948555079814073
19 42 0.18349438144039454
20 42 0.13574985009442678
21 42 0.009480773270060366
22 42 0.18661557732559
23 42 0.07494430394879763
24 42 0.9035586620529505
25 42 0.8443152597009438
26 42 0.20829905334265145
27 42 0.31172065757803374
28 42 0.2151409425867409
29 42 0.2857977443495172
30 42 0.0499767656195067
31 42 0.24809887911656556
32 42 0.08726342117159912
33 42 0.2940337480839207
34 42 0.17500832559758278
35 42 0.1986465798088629
36 42 0.10554167107979151
37 42 0.003569865844960257
38 42 0.18127098412939763
39 42 0.2897316378923278
40 42 0.3029491515978524
41 42 0.879705081645946
0 43 0.0963766515235851
1 43 0.20594608415801796
2 43 0.2028012339327258
3 43 0.08171174167636727
4 43 0.2742808417824827
5 43 0.21044870389207665
6 43 0.28379852220403384
7 43 0.31133732088282373
8 43 0.28636046202901866
9 43 0.19021954262408788
10 43 0.07933869448059729
11 43 0.9764208493854034
12 43 0.008716758827804177
13 43 0.3072391095280823
14 43 0.2010073181749857
15 43 0.18127694639727984
16 43 0.17128657467026853
17 43 0.0001580712368506376
18 43 0.30500068881863784
19 43 0.3067158464708194
20 43 0.1383576037347585
21 43 0.0021795217728172887
22 43 0.08857916911496255
23 43 0.30514971443417965
24 43 0.030824561769756384
25 43 0.26034096908316995
26 43 0.7934506799972839
27 43 0.9369534962549753
28 43 0.17614418739024343
29 43 0.22810681078716155
30 43 0.19622556877481612
31 43 0.15402913403165502
32 43 0.2828418047508374
33 43 0.3221401632216656
34 43 0.0893549741202447
35 43 0.004887637021299035
36 43 0.017114528122639427
37 43 0.31307162222752005
38 43 0.3203386348796192
39 43 0.07771171228942358
40 43 0.07569843140248571
41 43 0.1751840835505176
42 43 0.058097922449632466
0 44 0.2609363789082491
1 44 0.040530931859152554
2 44 0.3495341911752584
3 44 0.28120564927960445
4 44 0.148211151062376
5 44 0.12536177286068811
6 44 0.06177957787533304
7 44 0.3257763999028381
8 44 0.33168234369067134
9 44 0.020077341924294057
10 44 0.1596932288634845
11 44 0.8589405798869042
12 44 0.11157357064089674
13 44 0.026797280584269126
14 44 0.01631257589451578
15 44 0.1879007830053576
16 44 0.24618726890819295
17 44 0.3088508498072953
18 44 0.2014685288062161
19 44 0.31572104601712253
20 44 0.2126811239572434
21 44 0.06879454288176001
22 44 0.21537515286965161
23 44 0.3073679008921573
24 44 0.3226172388793345
25 44 0.29592158334164054
26 44 0.018978638631360782
27 44 0.09484711906968413
28 44 0.8489501245100844
29 44 0.013910981933089933
30 44 0.32066311952010335
31 44 0.27330411747895794
32 44 0.05347249721258499
33 44 0.3367254487396043
34 44 0.1394378551157424
35 44 0.11787092266769145
36 44 0.28514380129165257
37 44 0.28211248179416065
38 44 0.005028939823398326
39 44 0.0068475717814263535
40 44 0.07171304612227362
41 44 0.023989930309822098
42 44 0.04566366530360043
43 44 0.060851693403818345
0 45 0.326046135823649
1 45 0.10367822698449732
2 45 0.2036405312853725
3 45 0.0693733811851209
4 45 0.13808177865010876
5 45 0.014274490515344894
6 45 0.08607296402510413
7 45 0.10750112542683694
8 45 0.08221409982039922
9 45 0.017543718031177335
10 45 0.30011797519593786
11 45 0.2620301629517521
12 45 0.34380393472081566
13 45 0.049038146363610105
14 45 0.06610100316027123
15 45 0.02258795103880086
16 45 0.19838531740569929
17 45 0.19549750905628172
18 45 0.03963646659138299
19 45 0.3428692600686326
20 45 0.00409727044896494
21 45 0.2837127602258742
22 45 0.21488641482836945
23 45 0.13169073708511722
24 45 0.24456899477583838
25 45 0.08617520718237993
26 45 0.2993529460516121
27 45 0.004131608552081039
28 45 0.6505855431954485
29 45 0.08342347952590419
30 45 0.3419822924277679
31 45 0.19432186576571886
32 45 0.23748183560437092
33 45 0.09523239652249377
34 45 0.1618130143400142
35 45 0.15250630554325584
36 45 0.27589358958021565
37 45 0.24868239330501146
38 45 0.14677463958503195
39 45 0.14630000868300358
40 45 0.21387724831757884
41 45 0.07007506092095858
42 45 0.07239456516734209
43 45 0.16447075100081923
44 45 0.31705000076914824
0 46 0.1865220432790331
1 46 0.17561849513153976
2 46 0.2283910169119857
3 46 0.08650334902622568
4 46 0.2028490447500527
5 46 0.18481203931579504
6 46 0.1989885361109293
7 46 0.016394348235387036
8 46 0.11211084454711868
9 46 0.23954859574190102
10 46 0.18936855233739774
11 46 0.26267144949398213
12 46 0.0911856898659667
13 46 0.23992973962101263
14 46 0.13042427025902478
15 46 0.09315468524243421
16 46 0.14523964935116204
17 46 0.23037038446372324
18 46 0.30204837377467536
19 46 0.043811295396973
20 46 0.24474829636081472
21 46 0.29101710647053314
22 46 0.16887414589018004
23 46 0.2438114903893118
24 46 0.25094254405879857
25 46 0.1746300357149483
26 46 0.2624721647456171
27 46 0.03760916337886321
28 46 0.07215732347028352
29 46 0.1014125460280291
30 46 0.06805878020071618
31 46 0.2885025041479379
32 46 0.08695760569303304
33 46 0.02854201412259683
34 46 0.1872720660287484
35 46 0.21958559494639524
36 46 0.08588164194175206
37 46 0.30981404313746763
38 46 0.2565825479070106
39 46 0.011258969732290756
40 46 0.23429444808199523
41 46 0.3152367051005164
42 46 0.33207069817834045
43 46 0.14195462247854138
44 46 0.3361299200165883
45 46 0.11340228946320974
0 47 0.11751063375757481
1 47 0.052503284670259755
2 47 0.0039980970829930846
3 47 0.023532726840551146
4 47 0.09945799006877275
5 47 0.060971732863197
6 47 0.2980490220574465
7 47 0.2148075961412441
8 47 0.34407088792261126
9 47 0.14623687356529036
10 47 0.09659633530661613
11 47 0.0276402468091538
12 47 0.05148286561019633
13 47 0.15314928888069754
14 47 0.10173288766835292
15 47 0.13957293386096248
16 47 0.07750446935288632
17 47 0.10188332598577139
18 47 0.06412970210183208
19 47 0.1415243484613982
20 47 0.15857441781648246
21 47 0.1889385754701301
22 47 0.010047071716855233
23 47 0.2043138543562138
24 47 0.022609833122155348
25 47 0.12908006825967822
26 47 0.2705908398728108
27 47 0.025691755385823443
28 47 0.23679733614521298
29 47 0.2651512197080888
30 47 0.010435900126912138
31 47 0.06117724026248335
32 47 0.0352713435292549
33 47 0.2827845010717056
34 47 0.2996368808965382
35 47 0.33135362961862164
36 47 0.047648889220430146
37 47 0.2962592233100828
38 47 0.29715254680285674
39 47 0.27474702794224337
40 47 0.11696193385115208
41 47 0.25361556432849064
42 47 0.3164865104482945
43 47 0.18581358305628912
44 47 0.0015653817163664928
45 47 0.32846535056915116
46 47 0.7276565558224912
0 48 0.33217504251664454
1 48 0.04602389422414638
2 48 0.02960174409145223
3 48 0.32447203677631903
4 48 0.062111044738646704
5 48 0.09708940301152783
6 48 0.03848926546425617
7 48 0.1639673755621351
8 48 0.33319528733635656
9 48 0.2110416702821475
10 48 0.3417969074051444
11 48 0.8892294199352153
12 48 0.22966365960342164
13 48 0.12475290785927733
14 48 0.27988500665137966
15 48 0.010862075191002928
16 48 0.09880380172807067
17 48 0.30257134495934235
18 48 0.01995511849215063
19 48 0.22322574903218834
20 48 0.05267739705941651
21 48 0.10524954570934474
22 48 0.2354252350123479
23 48 0.029610706724490246
24 48 0.2585271721921914
25 48 0.7699666700331721
26 48 0.031596334409602495
27 48 0.7865786976771247
28 48 0.24257262774226973
29 48 0.3036302826683088
30 48 0.15920876572011114
31 48 0.20255112454802876
32 48 0.1808268908933714
33 48 0.2050238098499227
34 48 0.03285721686191464
35 48 0.22180588019296726
36 48 0.16698688640613432
37 48 0.3405897382592717
38 48 0.27418981232315953
39 48 0.06955093083440674
40 48 0.040786151179327386
41 48 0.0072226629727342945
42 48 0.10051105831748032
43 48 0.2820399168468526
44 48 0.2659979787894503
45 48 0.2120385192598018
46 48 0.19712769205195707
47 48 0.8366291300605911
0 49 0.3052109615931248
1 49 0.2784786580828239
2 49 0.2497399393746468
3 49 0.07641575053834579
4 49 0.20877212748434526
5 49 0.19316067454648161
6 49 0.11297974665642464
7 49 0.028105954523225188
8 49 0.05227394603938232
9 49 0.0708848563319476
10 49 0.3123961298171524
11 49 0.7213722350325018
12 49 0.03963888998019133
13 49 0.28098389228707055
14 49 0.2221522822280958
15 49 0.13485929022606394
16 49 0.06398180878272491
17 49 0.21404481683560403
18 49 0.12652257789698426
19 49 0.25776855858477526
20 49 0.192212225556114
21 49 0.29542671943153703
22 49 0.30944884473277007
23 49 0.05318111930789421
24 49 0.22173947398055283
25 49 0.15161782716429462
26 49 0.7572427587066491
27 49 0.059291580392034554
28 49 0.15975380058174535
29 49 0.14264047743124003
30 49 0.23088715356063247
31 49 0.026531068530631523
32 49 0.018138742656530187
33 49 0.04700198570964929
34 49 0.2407845809490043
35 49 0.11531344587219118
36 49 0.19028416379245006
37 49 0.18519409197056252
38 49 0.017703132162405415
39 49 0.014134678561235608
40 49 0.016048585738102656
41 49 0.08181550355316342
42 49 0.012755874733828648
43 49 0.3172601858351422
44 49 0.08745889277752907
45 49 0.10760512366976674
46 49 0.2524381364995782
47 49 0.016929654308405626
48 49 0.08907489879727928
0 50 0.17265256353376604
1 50 0.26686435011591575
2 50 0.28268179912515107
3 50 0.0895303071302101
4 50 0.03443756440231687
5 50 0.0070542727277898
6 50 0.23822245127613237
7 50 0.3215549646864319
8 50 0.27042427900234045
9 50 0.216733056084267
10 50 0.1453317742248966
11 50 0.2323017379059671
12 50 0.011272726844155527
13 50 0.2029093721883317
14 50 0.05099318729094024
15 50 0.3031289927998657
16 50 0.06973174115220682
17 50 0.3388441971663372
18 50 0.20524455406374115
19 50 0.059519356863398105
20 50 0.27221898667771566
21 50 0.16121188109762058
22 50 0.3236263292115433
23 50 0.010165111034821588
24 50 0.8045207534101164
25 50 0.32284240258335534
26 50 0.15286087655538236
27 50 0.21062627702273629
28 50 0.2944796844401812
29 50 0.11592979900342308
30 50 0.30407299508061086
31 50 0.15713792446319383
32 50 0.3400857971832531
33 50 0.24626084180004515
34 50 0.06675620662780819
35 50 0.31746297459280987
36 50 0.08843839142525026
37 50 0.11599263512922378
38 50 0.029897661629484814
39 50 0.2868650065006263
40 50 0.12022891586058565
41 50 0.059903054871915294
42 50 0.1603440172156219
43 50 0.1884977480734302
44 50 0.16960013007753919
45 50 0.07985185450799828
46 50 0.12188925380652363
47 50 0.2731379597292295
48 50 0.1656425793063388
49 50 0.7828211431790546
0 51 0.34506387102281244
1 51 0.05125067868188696
2 51 0.24404281022904897
3 51 0.13646454441655348
4 51 0.347974675821222
5 51 0.3032398037383673
6 51 0.286307249686425
7 51 0.2291931165776584
8 51 0.27199778016309667
9 51 0.06755342113686132
10 51 0.1546960301785777
11 51 0.849245536304661
12 51 0.24597317045035852
13 51 0.24962588012326756
14 51 0.17596498265485033
15 51 0.2447645946756624
16 51 0.23778435860704367
17 51 0.1522988942427127
18 51 0.1760666025220923
19 51 0.27825021209757594
20 51 0.28032216948679906
21 51 0.2000481947269227
22 51 0.2027112123367065
23 51 0.3155420723143568
24 51 0.02069201587591056
25 51 0.04630063372289585
26 51 0.7657335001835238
27 51 0.1563582383616539
28 51 0.3207871210005507
29 51 0.18687140597330296
30 51 0.08523911166902325
31 51 0.34769407913213946
32 51 0.05832509429919621
33 51 0.06039067313634172
34 51 0.29327392058228574
35 51 0.1711020860617382
36 51 0.21493643994570916
37 51 0.25309159850922847
38 51 0.03488032987669636
39 51 0.1390563920247545
40 51 0.17491669840663027
41 51 0.24221301857326985
42 51 0.15167113685468223
43 51 0.10618143647035803
44 51 0.25457119107289944
45 51 0.33774361329482705
46 51 0.27338119503515695
47 51 0.07990374063103504
48 51 0.20943961957893745
49 51 0.9118501782191959
50 51 0.2356153287316313
0 52 0.19754686487607245
1 52 0.3448856952726411
2 52 0.10132833630961213
3 52 0.032877573474575955
4 52 0.2466804687844731
5 52 0.25184256757879064
6 52 0.06538054396388207
7 52 0.21991938414379925
8 52 0.24721680013534492
9 52 0.25040058197351883
10 52 0.022517854455809644
11 52 0.22402153432050256
12 52 0.2617939172456179
13 52 0.23840622296974665
14 52 0.2159659839652302
15 52 0.09283647796697377
16 52 0.21832559302925658
17 52 0.10994792640367036
18 52 0.24021957986824066
19 52 0.24356040138490645
20 52 0.29203565166477935
21 52 0.1153975521823973
22 52 0.145693184981228
23 52 0.32952578243974057
24 52 0.021638422818783108
25 52 0.1963764366640601
26 52 0.05491145157844186
27 52 0.3028419670173486
28 52 0.18939605266111972
29 52 0.24470981222953206
30 52 0.09997217711061546
31 52 0.2665780007052388
32 52 0.31826441649387804
33 52 0.1540464235774534
34 52 0.10205361142690725
35 52 0.07921404114636309
36 52 0.27933351985620286
37 52 0.004212478392509927
38 52 0.1852805706086608
39 52 0.8194866767411843
40 52 0.0323364301590233
41 52 0.16967960775861837
42 52 0.19806106400673182
43 52 0.11926178555240799
44 52 0.1620458067062725
45 52 0.11429748644900017
46 52 0.2864716615934244
47 52 0.16225671308773013
48 52 0.3165585296385893
49 52 0.08555586938044249
50 52 0.11520730688599579
51 52 0.6973123645848303
0 53 0.3283850776556976
1 53 0.01587709831621988
2 53 0.09667899411701703
3 53 0.030164432943635657
4 53 0.07458000050002361
5 53 0.044373224194034895
6 53 0.061825376991499134
7 53 0.1404717127662248
8 53 0.3344220521473928
9 53 0.295758657840297
10 53 0.19647373436575089
11 53 0.2272387369704679
12 53 0.08174981029668134
13 53 0.15272870807659708
14 53 0.19686843215368735
15 53 0.25372068063694825
16 53 0.025031167548524306
17 53 0.3111807563884742
18 53 0.1165355651925864
19 53 0.25818491606795707
20 53 0.30800309687066246
21 53 0.24042800822024732
22 53 0.23854235352614525
23 53 0.2756720167265092
24 53 0.18150140862208347
25 53 0.24484206041352552
26 53 0.25338480984024253
27 53 0.01362679796526433
28 53 0.09955099025669388
29 53 0.19786963265849922
30 53 0.18416649639923366
31 53 0.16255623319283521
32 53 0.1693854695488699
33 53 0.16450365106920398
34 53 0.034352709801182005
35 53 0.12773481106629664
36 53 0.1829407209953496
37 53 0.17565556666696033
38 53 0.14310715567915827
39 53 0.3363177518688822
40 53 0.26748754407078623
41 53 0.290451455693933
42 53 0.05541157278210465
43 53 0.16960936381243003
44 53 0.06707476520822976
45 53 0.010550131224404418
46 53 0.29805301846665394
47 53 0.07508833939014312
48 53 0.3332169517827588
49 53 0.32808717680086225
50 53 0.03488518454409127
51 53 0.66680455936535
52 53 0.06932896233617933
0 54 0.09350739391546362
1 54 0.22591230884168187
2 54 0.3489136871924649
3 54 0.0881552952407294
4 54 0.25049107311367913
5 54 0.12209699661169413
6 54 0.249913636055501
7 54 0.33640253098867884
8 54 0.021202573152325065
9 54 0.10304415594380137
10 54 0.20484670393619647
11 54 0.1322252472623019
12 54 0.3077334898126094
13 54 0.08068959589208921
14 54 0.16328072357018344
15 54 0.18017119744728533
16 54 0.18959453265670712
17 54 0.33592401244983217
18 54 0.06724997527237128
19 54 0.20464420110238518
20 54 0.14689840341701424
21 54 0.05383672009376736
22 54 0.1985193307398858
23 54 0.13164442522775838
24 54 0.2556105530670699
25 54 0.06863029848820251
26 54 0.7527509541196516
27 54 0.16564660286155886
28 54 0.26943114002770296
29 54 0.3217894828904635
30 54 0.256925828353899
31 54 0.1816237330267963
32 54 0.03392242369906523
33 54 0.1858766974591831
34 54 0.11619204513713091
35 54 0.06609762626999888
36 54 0.07106518750085472
37 54 0.1900569325130883
38 54 0.016173329599046663
39 54 0.15906613673332856
40 54 0.2699130333118638
41 54 0.18529510511575858
42 54 0.24014954464671706
43 54 0.2344612707869565
44 54 0.05100650566894205
45 54 0.2780253864936567
46 54 0.004450383212476483
47 54 0.14992993713129862
48 54 0.2705648413765508
49 54 0.7335379298758508
50 54 0.32437501154186515
51 54 0.9765798855619555
52 54 0.3256443050321146
53 54 0.21533813818107908
0 55 0.11380892371079282
1 55 0.20062628243844505
2 55 0.08850717231169555
3 55 0.2382597544835318
4 55 0.22474436639259077
5 55 0.13148326849993042
6 55 0.09968978700309335
7 55 0.12597103410464008
8 55 0.2619798845231523
9 55 0.17643843115290228
10 55 0.21274984509491424
11 55 0.6635234268666858
12 55 0.1412614675475053
13 55 0.030466481239006023
14 55 0.06527767985678977
15 55 0.33708758513507997
16 55 0.9538467646547719
17 55 0.2549067269627728
18 55 0.037951596279023656
19 55 0.04807395032203582
20 55 0.005587026370750597
21 55 0.21057326019688755
22 55 0.08178169068092042
23 55 0.0033850589169350295
24 55 0.04064387860886982
25 55 0.9169380091934679
26 55 0.7627583104296881
27 55 0.027010696573297164
28 55 0.3223625488854315
29 55 0.09511648589931737
30 55 0.2661168338779911
31 55 0.21998142548768426
32 55 0.2269605032976317
33 55 0.23588078104165983
34 55 0.0849911005807733
35 55 0.005193905707974261
36 55 0.09461529133103203
37 55 0.1753143734152376
38 55 0.2391238100427168
39 55 0.6638110672280308
40 55 0.16733120187086634
41 55 0.907261292109386
42 55 0.3085785623801886
43 55 0.05941654287532437
44 55 0.02496962954443847
45 55 0.0033410191801415464
46 55 0.1663621758645502
47 55 0.14763579151619977
48 55 0.9687687279659696
49 55 0.7261428335713929
50 55 0.295535285439271
51 55 0.8865794176636063
52 55 0.2042897694638289
53 55 0.051105702188257635
54 55 0.9130078976063212
0 56 0.26863226986901134
1 56 0.15547555083997933
2 56 0.30303565814199396
3 56 0.2371705801692525
4 56 0.271018167994722
5 56 0.3430890114742002
6 56 0.045795848593885975
7 56 0.2409794484442709
8 56 0.10586495980827554
9 56 0.13351463035015926
10 56 0.04501129878260762
11 56 0.17379720768243342
12 56 0.2610304922803646
13 56 0.11653538369238477
14 56 0.240120610436501
15 56 0.2238485573315018
16 56 0.32659228471796137
17 56 0.34390534376386533
18 56 0.25511457001623483
19 56 0.09306468725980505
20 56 0.09379160422564871
21 56 0.10808511824456765
22 56 0.11673923728577802
23 56 0.03704553722629867
24 56 0.23771584239550062
25 56 0.0496790620729699
26 56 0.12827115887178805
27 56 0.33967650224228463
28 56 0.09000373998901202
29 56 0.06465956398653415
30 56 0.3251353494253984
31 56 0.04662922089725533
32 56 0.2120613784847841
33 56 0.2744442109754054
34 56 0.30228100192562496
35 56 0.0011230926567156463
36 56 0.036091289446664745
37 56 0.2543267553095913
38 56 0.24860600406993894
39 56 0.22696621861083216
40 56 0.3077231118719435
41 56 0.3105103284058287
42 56 0.013216662793953537
43 56 0.3457207450358279
44 56 0.2997702461008661
45 56 0.02273482392325638
46 56 0.28389168306858753
47 56 0.24367707910170014
48 56 0.21026039694721646
49 56 0.8079479738383313
50 56 0.2042737857323929
51 56 0.2870073347608307
52 56 0.25350405605713994
53 56 0.0717105630186583
54 56 0.3117237369400544
55 56 0.8674174683032525
0 57 0.05242784549660235
1 57 0.2632071408433694
2 57 0.06624512894276302
3 57 0.06931819852633593
4 57 0.2293972618617504
5 57 0.22947907347799787
6 57 0.3294805741119057
7 57 0.16612320485972
8 57 0.18769361029821224
9 57 0.13902931328419363
10 57 0.021527601724064996
11 57 0.024764384263172116
12 57 0.13158745946510741
13 57 0.0741492353086122
14 57 0.21535806259923676
15 57 0.004383813366963335
16 57 0.2060093772015795
17 57 0.2861370623697854
18 57 0.26319299490789116
19 57 0.13797919846389664
20 57 0.2195088253340348
21 57 0.22664456193358795
22 57 0.34240089346967967
23 57 0.13614221829335524
24 57 0.309865720322965
25 57 0.12532165765362996
26 57 0.08722115375541638
27 57 0.09987220136639331
28 57 0.26117049579737095
29 57 0.2743143862922522
30 57 0.3016413188081061
31 57 0.31086357007873544
32 57 0.03174310332919069
33 57 0.2690482568723167
34 57 0.1568127855741718
35 57 0.09457468499972685
36 57 0.16697554702816858
37 57 0.08772155069630386
38 57 0.17079635903402762
39 57 0.20352982494358368
40 57 0.34488191006213165
41 57 0.7559061512013706
42 57 0.3135230174876057
43 57 0.331304776915861
44 57 0.16697387559214263
45 57 0.002603813655852832
46 57 0.1106131342073783
47 57 0.07622348243395637
48 57 0.9473973623061371
49 57 0.0921012765163144
50 57 0.18748459250564956
51 57 0.29541554693313105
52 57 0.2588966548588917
53 57 0.2335762341567382
54 57 0.3186742749383325
55 57 0.7924784743021991
56 57 0.09998560261371843
0 58 0.18852018951066712
1 58 0.29526157085625043
2 58 0.33531365612654596
3 58 0.023987341029271074
4 58 0.00944675687933482
5 58 0.11164218971334795
6 58 0.183858297279439
7 58 0.347791885149981
8 58 0.18392201035850825
9 58 0.324567421474084
10 58 0.05966461982390611
11 58 0.8416998756546877
12 58 0.08374012630021144
13 58 0.03195012005302612
14 58 0.07103020216757354
15 58 0.0016480302852637128
16 58 0.021046425856555265
17 58 0.2556780229816388
18 58 0.22595464511438504
19 58 0.1279525604930977
20 58 0.2625822150773141
21 58 0.15491704512049045
22 58 0.03804238636623717
23 58 0.08932271426146597
24 58 0.18506136445546262
25 58 0.2794266337848409
26 58 0.045483394334028766
27 58 0.8749122902083005
28 58 0.21693616269265092
29 58 0.3271176261073619
30 58 0.11075083967032898
31 58 0.15418940247340399
32 58 0.3428686334626708
33 58 0.043064937569668824
34 58 0.2523541619056224
35 58 0.07235546233387828
36 58 0.10142221326442107
37 58 0.22285259226051343
38 58 0.17910045598914395
39 58 0.20958120022582094
40 58 0.3259894266317824
41 58 0.1949386391084182
42 58 0.27565418687405685
43 58 0.24105697242013788
44 58 0.1622796422951779
45 58 0.12872669365941963
46 58 0.07101207809241937
47 58 0.13215921905125352
48 58 0.99391715288772
49 58 0.03191059371680695
50 58 0.24835568022671625
51 58 0.32652927349676575
52 58 0.11781038002231525
53 58 0.34759378208316927
54 58 0.15763823685793543
55 58 0.8640240043745951
56 58 0.011134899912120471
57 58 0.7461781577247009
0 59 0.1446520256557325
1 59 0.10042954822024784
2 59 0.2192807275646189
3 59 0.2255173244766125
4 59 0.2256980193419377
5 59 0.12596517461375825
6 59 0.19250195024416353
7 59 0.26873941014057956
8 59 0.19515872307169016
9 59 0.24453978757536035
10 59 0.26195676613761404
11 59 0.09448049340909402
12 59 0.19707462428368736
13 59 0.03514507030898055
14 59 0.015173219003659909
15 59 0.2939803279694336
16 59 0.14608971517562114
17 59 0.09543639793004627
18 59 0.2169984510512911
19 59 0.0210255591297946
20 59 0.21086536318511084
21 59 0.24890351894206528
22 59 0.20606429993906708
23 59 0.15435480143741728
24 59 0.2208434131778699
25 59 0.14038628221122224
26 59 0.16044964837272221
27 59 0.3209718702645249
28 59 0.07760672768055002
29 59 0.29803781594775314
30 59 0.32995979438811235
31 59 0.28493981741123725
32 59 0.012811485076968282
33 59 0.014105344438660189
34 59 0.31556346490896225
35 59 0.17445188074888957
36 59 0.20510798654753618
37 59 0.2191889854350209
38 59 0.00330593516031436
39 59 0.07907064926541849
40 59 0.26219782784251383
41 59 0.2683819200148454
42 59 0.05141305473060484
43 59 0.05565201253738678
44 59 0.020919750762706007
45 59 0.18303835903277887
46 59 0.2911674796697609
47 59 0.05167333273913379
48 59 0.7230734937636606
49 59 0.1745292952823763
50 59 0.18328253712197878
51 59 0.058607418955011634
52 59 0.21558873193935488
53 59 0.30021374571866855
54 59 0.053556633186750274
55 59 0.8696988717311542
56 59 0.0792058525087157
57 59 0.7887198594242953
58 59 0.7206981376365215
0 60 0.03193666084020554
1 60 0.2861617933329574
2 60 0.2259815928975379
3 60 0.1250216947179144
4 60 0.27677703960331584
5 60 0.3165316571786808
6 60 0.2890117749334951
7 60 0.3280852461052363
8 60 0.06309058961744608
9 60 0.17573392180121078
10 60 0.2146897318642561
11 60 0.343464494883248
12 60 0.04002716792611535
13 60 0.22965548554496076
14 60 0.3472815770083333
15 60 0.012063007926467632
16 60 0.14777488510926493
17 60 0.052873879385907735
18 60 0.1800026619499006
19 60 0.13639757275434108
20 60 0.246396547302606
21 60 0.30871632027202933
22 60 0.12923599689910734
23 60 0.2663120033444443
24 60 0.06385417611460278
25 60 0.24368283482876338
26 60 0.26333076691697604
27 60 0.08837466822402193
28 60 0.24192180763370244
29 60 0.1945991117008034
30 60 0.165922644125475
31 60 0.014753665732511077
32 60 0.08955682804557383
33 60 0.04796968882892615
34 60 0.0277910320197048
35 60 0.12651246150634243
36 60 0.23148216950043032
37 60 0.1304836074428229
38 60 0.08610145424540454
39 60 0.2600409487113848
40 60 0.017328916932818888
41 60 0.27464692410156166
42 60 0.09008188891580933
43 60 0.2607715911771845
44 60 0.2774686673155251
45 60 0.11679256723618738
46 60 0.16453633620100877
47 60 0.04841976011297887
48 60 0.8810652917378061
49 60 0.0689737235372347
50 60 0.1108632064735375
51 60 0.10871126330842823
52 60 0.2630454035850805
53 60 0.016532391331163993
54 60 0.10514629645000528
55 60 0.2765912529438351
56 60 0.2200076307188774
57 60 0.31013897047805145
58 60 0.9870545330102447
59 60 0.9221191856789492
0 61 0.18782179919979164
1 61 0.13803732313287465
2 61 0.08112801970220912
3 61 0.3057820385848024
4 61 0.0369282841445398
5 61 0.18685854386227932
6 61 0.272518631983873
7 61 0.03336278918374729
8 61 0.07106302299317999
9 61 0.13762894687977656
10 61 0.3468091624943355
11 61 0.3359945569276671
12 61 0.019676865250897867
13 61 0.2837612064114982
14 61 0.30230261160066474
15 61 0.150130471081781
16 61 0.11944246299885676
17 61 0.28299949384269685
18 61 0.07404252589055076
19 61 0.3243713670550867
20 61 0.09818290525198353
21 61 0.15613299745306874
22 61 0.22401409829293834
23 61 0.298413964024562
24 61 0.2890243556701738
25 61 0.014834178807077358
26 61 0.3302242084759134
27 61 0.1689240542817584
28 61 0.15251921363448573
29 61 0.33247330768527533
30 61 0.3141842550482743
31 61 0.3423642873389295
32 61 0.10269875458236716
33 61 0.3359569707575459
34 61 0.272378476142767
35 61 0.0921739340626717
36 61 0.021422685942601383
37 61 0.3222684405928543
38 61 0.15795659664894635
39 61 0.25789501903355055
40 61 0.2947784642469072
41 61 0.27791684684567597
42 61 0.15277024995761507
43 61 0.04754392663431294
44 61 0.18506900270251855
45 61 0.25376885331446475
46 61 0.07940532891155228
47 61 0.3325745169498629
48 61 0.8169276986440535
49 61 0.05804623634364734
50 61 0.10452496554144268
51 61 0.10350585734486344
52 61 0.05680301377783608
53 61 0.24250149347776626
54 61 0.2023478797774607
55 61 0.8134567890825265
56 61 0.24827763480637902
57 61 0.80526474156319
58 61 0.7733441503497712
59 61 0.8468693335617016
60 61 0.7238763468202815
0 62 0.1308912103660454
1 62 0.03745512932843578
2 62 0.22018147407578675
3 62 0.2158699429979178
4 62 0.049005941351966724
5 62 0.1577711428326117
6 62 0.32940297058399753
7 62 0.09108106419026522
8 62 0.3203436297476296
9 62 0.04970549966586711
10 62 0.2499948768611493
11 62 0.2732177160909729
12 62 0.333008941756417
13 62 0.1071652595759119
14 62 0.10182524684991084
15 62 0.22324139986777405
16 62 0.1638615829022976
17 62 0.20544301811763346
18 62 0.22164854571928697
19 62 0.20010156483919994
20 62 0.12024886514156481
21 62 0.07727354694853382
22 62 0.10791241589263999
23 62 0.3428390126016811
24 62 0.3369509778057005
25 62 0.14237573673590379
26 62 0.08907863533872148
27 62 0.2083525182937852
28 62 0.2758991204984036
29 62 0.1720711120128053
30 62 0.2476136465960292
31 62 0.06669253305478175
32 62 0.3234374095964203
33 62 0.28931222871175116
34 62 0.20684046773396056
35 62 0.2985345061925984
36 62 0.24873321847885288
37 62 0.2685318701240695
38 62 0.005313882458702518
39 62 0.13939280870316673
40 62 0.2473987317525445
41 62 0.7426522966076069
42 62 0.3390233349676736
43 62 0.12612289531409906
44 62 0.21867445378674252
45 62 0.24266564773832033
46 62 0.30026560630345617
47 62 0.1715444888921412
48 62 0.9232356179637369
49 62 0.305925934352212
50 62 0.13295245386263213
51 62 0.3297054296713531
52 62 0.2310125270202199
53 62 0.3302702724187416
54 62 0.3146666318944154
55 62 0.8157658612026047
56 62 0.009464712129362257
57 62 0.9218725471232836
58 62 0.77085264591963
59 62 0.7063089347251416
60 62 0.8198332970739166
61 62 0.7845136058868292
0 63 0.10616185569329414
1 63 0.12026424611674161
2 63 0.1582079147714096
3 63 0.1795828834692384
4 63 0.18567778227043377
5 63 0.24417188884092184
6 63 0.026199359864356512
7 63 0.148942518144128
8 63 0.08849019729809784
9 63 0.04999930276087644
10 63 0.03717175260355646
11 63 0.07598216485700447
12 63 0.032420447725052565
13 63 0.33441154884785473
14 63 0.0837555938707047
15 63 0.2169656036978198
16 63 0.23251169109916783
17 63 0.18916037367710142
18 63 0.140932263171307
19 63 0.007273075252427385
20 63 0.24986558522366842
21 63 0.22155358128216576
22 63 0.24139059193132353
23 63 0.3139691039868835
24 63 0.16985056227156012
25 63 0.31179626937933824
26 63 0.010608731807202232
27 63 0.26224002020605064
28 63 0.04881234502726893
29 63 0.14387534919200126
30 63 0.23052186300664784
31 63 0.06581041975368582
32 63 0.1841308363015075
33 63 0.010518587596502076
34 63 0.29668930697643303
35 63 0.06590154195029635
36 63 0.16122552249060618
37 63 0.30082513635434854
38 63 0.09742151194558828
39 63 0.2742317423881425
40 63 0.2900769999084983
41 63 0.23841524600031344
42 63 0.09460735157843589
43 63 0.05922834934284312
44 63 0.26731835304595153
45 63 0.006614317083720988
46 63 0.09231976452262389
47 63 0.18874075053215694
48 63 0.9443764786571108
49 63 0.0022883800266616347
50 63 0.08373967587752879
51 63 0.1767184374746124
52 63 0.02262588725680252
53 63 0.27500024482379487
54 63 0.0865982173375922
55 63 0.919594881064014
56 63 0.020443200460417543
57 63 0.7286726468214125
58 63 0.8079081800951834
59 63 0.8852287784766686
60 63 0.6542078554609757
61 63 0.9505061238770782
62 63 0.9531677099043492
0 64 0.22077785475782552
1 64 0.27363816839099825
2 64 0.19262181901787204
3 64 0.0015025938658519476
4 64 0.19467358182227965
5 64 0.23533784553180143
6 64 0.05956017217111572
7 64 0.06407062704161838
8 64 0.14849916152360831
9 64 0.273094980187248
10 64 0.038697958866324766
11 64 0.6535506490462493
12 64 0.23635556479360614
13 64 0.17981115569825534
14 64 0.28879653159515234
15 64 0.057438014541473785
16 64 0.17239543504703878
17 64 0.28843778492041067
18 64 0.14767956275922253
19 64 0.043402857807649825
20 64 0.2954467052523024
21 64 0.29324579737789297
22 64 0.2206170610157187
23 64 0.3330372799426066
24 64 0.21208655155461847
25 64 0.003973682533654016
26 64 0.19928043225935968
27 64 0.16227485746484996
28 64 0.3393022534268094
29 64 0.25547264876108383
30 64 0.22592477189304203
31 64 0.2465829715069195
32 64 0.16292776536151815
33 64 0.0406815999823299
34 64 0.01817222191327803
35 64 0.03386023255475291
36 64 0.06272831633842556
37 64 0.01904303248527936
38 64 0.1344296613421911
39 64 0.172268222121368
40 64 0.23434609545555407
41 64 0.12496193078082041
42 64 0.27328409464828024
43 64 0.16452766845153957
44 64 0.18961413217713852
45 64 0.31111863002367907
46 64 0.1181889398944212
47 64 0.17579066026886006
48 64 0.9783894756343301
49 64 0.03011150676886397
50 64 0.2665702253023291
51 64 0.1934471087349488
52 64 0.27824091691425323
53 64 0.2752123241166306
54 64 0.2731984843102875
55 64 0.7181092101645912
56 64 0.06231798201394563
57 64 0.9106844355908408
58 64 0.9050296260592818
59 64 0.8728044250398428
60 64 0.986946654255685
61 64 0.9839877593568298
62 64 0.6720985823045604
63 64 0.7467521624831346
0 65 0.3479708921970981
1 65 0.29929519840185376
2 65 0.3061844818687366
3 65 0.22028623290842642
4 65 0.11472380595344332
5 65 0.25333236751574956
6 65 0.05455080165090138
7 65 0.2292421279549557
8 65 0.09313869683611051
9 65 0.2104417221094632
10 65 0.3311007124233035
11 65 0.05035544865357433
12 65 0.22101710683937772
13 65 0.2776761328675102
14 65 0.01806189317618763
15 65 0.2538746796840136
16 65 0.1257273672155302
17 65 0.2912173021481114
18 65 0.27975148172425635
19 65 0.22749077383132424
20 65 0.1894583472324478
21 65 0.29992179242675593
22 65 0.33448013021903433
23 65 0.284827613822484
24 65 0.013058403624310877
25 65 0.12772536051299124
26 65 0.0959783737998053
27 65 0.31486539789322276
28 65 0.3227839059858216
29 65 0.12100424073023465
30 65 0.28607431123061255
31 65 0.3345396818670641
32 65 0.011114210223655557
33 65 0.18103133935034676
34 65 0.17439070712238705
35 65 0.29796923417046145
36 65 0.34386158010114637
37 65 0.30262355821059655
38 65 0.11455328853881486
39 65 0.007168972895689262
40 65 0.06177505370674329
41 65 0.03708971658076146
42 65 0.27176042763906394
43 65 0.07141816013206068
44 65 0.1479694212073881
45 65 0.25512418227744876
46 65 0.08327221024418063
47 65 0.3285089101569215
48 65 0.8303923525288959
49 65 0.24660485616491606
50 65 0.25477294059326566
51 65 0.27318644794590075
52 65 0.07196709047501094
53 65 0.11508916496951459
54 65 0.14040023526753015
55 65 0.9512573305983905
56 65 0.30163151017353557
57 65 0.9093233247848641
58 65 0.8560909533863686
59 65 0.9080429135119553
60 65 0.9532940016325271
61 65 0.963158653582423
62 65 0.8619045713152717
63 65 0.9179681224677446
64 65 0.9400982725433961
0 66 0.12857210477965925
1 66 0.17727779490102508
2 66 0.021462452728852804
3 66 0.17912726918239544
4 66 0.13271172947760385
5 66 0.3233938840975586
6 66 0.1742366221806927
7 66 0.08147223069670866
8 66 0.0043262773007430415
9 66 0.09067575075451235
10 66 0.16410010639239644
11 66 0.21023154272889197
12 66 0.0621571579746252
13 66 0.16995592737883136
14 66 0.0708954939552423
15 66 0.23794895806643446
16 66 0.2606935837747242
17 66 0.2199770840356585
18 66 0.21415191818291884
19 66 0.26895612751581527
20 66 0.2661146389580436
21 66 0.0020659036692590223
22 66 0.22722251629147713
23 66 0.25885827281674106
24 66 0.11119644722798734
25 66 0.0688062637041124
26 66 0.1711224366057958
27 66 0.22262022298977713
28 66 0.23772153426138015
29 66 0.07565334482733324
30 66 0.06025453555183243
31 66 0.32630590745715576
32 66 0.04977679503105962
33 66 0.15669477330411954
34 66 0.030869961432763462
35 66 0.05789261264932534
36 66 0.17881095927440502
37 66 0.16351488754302235
38 66 0.31354728954406436
39 66 0.32569944411289775
40 66 0.3323162915703359
41 66 0.029251779003055946
42 66 0.24641267419132518
43 66 0.002927733714921371
44 66 0.21640306874205045
45 66 0.3476759208405961
46 66 0.2262121241680258
47 66 0.29249104696199396
48 66 0.6699113793036191
49 66 0.19085233524167558
50 66 0.03638109271667394
51 66 0.19169130468239562
52 66 0.09457974528313588
53 66 0.322665685453724
54 66 0.026069914781279745
55 66 0.08737503928337989
56 66 0.3190990738452757
57 66 0.22380094363056455
58 66 0.9582884615051608
59 66 0.8763698886365849
60 66 0.8823654292938734
61 66 0.6603918426807441
62 66 0.9995658556710715
63 66 0.7400036659563414
64 66 0.8725689472715047
65 66 0.7751781093060309
0 67 0.0315171871413031
1 67 0.23928531385942345
2 67 0.18197848768517655
3 67 0.10566075250853536
4 67 0.16620218513265167
5 67 0.19417907310399346
6 67 0.059782143988047355
7 67 0.013431667190080175
8 67 0.00594890329985473
9 67 0.0036637136574542758
10 67 0.07197230931023245
11 67 0.18862142850924568
12 67 0.26723580738211344
13 67 0.05537980119153064
14 67 0.3468521350175071
15 67 0.1336359697371864
16 67 0.3414645560857238
17 67 0.3295435710656696
18 67 0.24991213253108346
19 67 0.29397665060028483
20 67 0.08015209496632891
21 67 0.0028347956521964754
22 67 0.17176234929926956
23 67 0.034641689803321656
24 67 0.12223442070746258
25 67 0.34161388608315546
26 67 0.22140758259251878
27 67 0.05639512434693313
28 67 0.06584788600921061
29 67 0.3181998037575549
30 67 0.17328971479664676
31 67 0.041237019075403336
32 67 0.2345777167498123
33 67 0.07863199223714461
34 67 0.19916209248105052
35 67 0.2136271813139238
36 67 0.07706159771236933
37 67 0.3002705354372561
38 67 0.0990819578954713
39 67 0.20348874311967677
40 67 0.19918127173694247
41 67 0.17582924818845733
42 67 0.07525225054437731
43 67 0.3371256976925324
44 67 0.1577494298415714
45 67 0.18777889933697067
46 67 0.047728725477193375
47 67 0.17363699256034387
48 67 0.08119927420991366
49 67 0.14670064345332678
50 67 0.3344607512424765
51 67 0.08155153253291494
52 67 0.16634195670780075
53 67 0.3108530919571939
54 67 0.09021067941770214
55 67 0.16710691634461294
56 67 0.03762013125453068
57 67 0.7851934137409187
58 67 0.29855345242266385
59 67 0.22692359391260683
60 67 0.20047822181807198
61 67 0.0528973545375091
62 67 0.30316701448626976
63 67 0.0579153888577554
64 67 0.28259581529639727
65 67 0.2255778397713506
66 67 0.14853841969661244
0 68 0.05046159316795621
1 68 0.30688042022452133
2 68 0.07432121646021284
3 68 0.01454786489721182
4 68 0.3134190870717894
5 68 0.07199426385834137
6 68 0.3483154190323027
7 68 0.05661878294575063
8 68 0.003514772480022016
9 68 0.21598527396371012
10 68 0.22245681067980033
11 68 0.9431871213427137
12 68 0.13452594666097728
13 68 0.1258374638852807
14 68 0.24648369843308524
15 68 0.2685166063998011
16 68 0.1319005262020517
17 68 0.2749828715789092
18 68 0.014367473071132463
19 68 0.2996878785228357
20 68 0.043305385125834615
21 68 0.14676838153675306
22 68 0.33080290688852826
23 68 0.22318631592824575
24 68 0.7183605032725113
25 68 0.7340236854546688
26 68 0.09183898228993252
27 68 0.7714180027108675
28 68 0.2851328430641324
29 68 0.30416072277878525
30 68 0.20020229970389739
31 68 0.25886761784254037
32 68 0.25872364156864625
33 68 0.15822698475322383
34 68 0.10911567912491248
35 68 0.29319643749457913
36 68 0.32418721792748867
37 68 0.021984668259420168
38 68 0.30800177709429305
39 68 0.18843240836345973
40 68 0.33150504542095605
41 68 0.6926224028267669
42 68 0.01916339843620438
43 68 0.11642988196974847
44 68 0.30119403168350095
45 68 0.3405072268200529
46 68 0.08363511709805349
47 68 0.15134076803909682
48 68 0.6660655925746908
49 68 0.12736190569017986
50 68 0.08247849377397175
51 68 0.2859023062080186
52 68 0.24868123991171395
53 68 0.20571138919134394
54 68 0.0715620181906749
55 68 0.09175191104960848
56 68 0.33300613613920077
57 68 0.039799392686230395
58 68 0.12129826610238514
59 68 0.3089905247419801
60 68 0.33295779776014195
61 68 0.023358956776539083
62 68 0.11552848120775495
63 68 0.1897107503430638
64 68 0.09453327216633718
65 68 0.24902065954029426
66 68 0.34009937445179356
67 68 0.1312475290182503
0 69 0.2745002207426345
1 69 0.11085255940779178
2 69 0.04631076917866856
3 69 0.13065539820700844
4 69 0.15778090721837237
5 69 0.2418296373650742
6 69 0.14624149723453014
7 69 0.16786339907958878
8 69 0.04429988618369963
9 69 0.14319043077249843
10 69 0.11106206823051508
11 69 0.8619654907562961
12 69 0.2311728090737979
13 69 0.03879610461435998
14 69 0.34476974929118764
15 69 0.07453256575882171
16 69 0.23691223370708875
17 69 0.331560077966818
18 69 0.3365833653789271
19 69 0.262756374256994
20 69 0.07113495672711355
21 69 0.3462135885428984
22 69 0.031214848417483263
23 69 0.06102049051731149
24 69 0.8663726509606569
25 69 0.7808097346903149
26 69 0.2093675543232164
27 69 0.9511550645916567
28 69 0.3208243840871769
29 69 0.16711041480213848
30 69 0.31019484233920874
31 69 0.07756165575531343
32 69 0.31867870450524316
33 69 0.19945832320694673
34 69 0.051844865586796636
35 69 0.15812138657402525
36 69 0.03195931597680768
37 69 0.20081783813859666
38 69 0.06959899084879388
39 69 0.25257757612237397
40 69 0.1390270315160515
41 69 0.9198219945736676
42 69 0.1601835003372691
43 69 0.3215051226141116
44 69 0.3199094257748561
45 69 0.13894407584373206
46 69 0.3486964762613435
47 69 0.09441894892244546
48 69 0.7632850620568257
49 69 0.014606231205561464
50 69 0.04662808077566449
51 69 0.19021180663169424
52 69 0.18656013691746443
53 69 0.09032816598275527
54 69 0.34428092648939607
55 69 0.3346389226112599
56 69 0.3392174055801915
57 69 0.12089032005315009
58 69 0.3001179248612424
59 69 0.2728845664963213
60 69 0.3387886781074856
61 69 0.24659262059537135
62 69 0.16863286081284745
63 69 0.206627019639163
64 69 0.3058827443311579
65 69 0.3105928070098011
66 69 0.3293664211540895
67 69 0.05725972557440523
68 69 0.6822032645769152
0 70 0.12863746496957532
1 70 0.2844869199501333
2 70 0.16964151175861045
3 70 0.22149867637553985
4 70 0.10322250773967433
5 70 0.29089243810775905
6 70 0.032076957514120416
7 70 0.31503507059153907
8 70 0.31442884771398705
9 70 0.16944601152776945
10 70 0.2818306486714327
11 70 0.7659354936462238
12 70 0.029481194836959903
13 70 0.12138830483902553
14 70 0.20614497320173475
15 70 0.05986164744230984
16 70 0.13712031957765738
17 70 0.10857226333136248
18 70 0.20589144047274371
19 70 0.32353549372423385
20 70 0.12482811626447438
21 70 0.3259674267232116
22 70 0.32410791814671325
23 70 0.1067568978897754
24 70 0.7805007274100945
25 70 0.9695342000487327
26 70 0.28745143094033654
27 70 0.6581266666020942
28 70 0.3460880836917383
29 70 0.0467076029486125
30 70 0.23201545769672136
31 70 0.2875962989679674
32 70 0.2182197890313087
33 70 0.138941422175829
34 70 0.08203757726848844
35 70 0.3158337824395118
36 70 0.12608520331039214
37 70 0.14073163355527885
38 70 0.16478312966101966
39 70 0.12689804832445623
40 70 0.11738910852491836
41 70 0.8949729161604538
42 70 0.19448218791350028
43 70 0.10528497630990184
44 70 0.19046251753150187
45 70 0.017999414821077347
46 70 0.1577250176782375
47 70 0.34787043159105574
48 70 0.28409870876263177
49 70 0.3429808455853699
50 70 0.01724591372516632
51 70 0.22999470462670682
52 70 0.07878022823794403
53 70 0.1012457808357735
54 70 0.019372423145935274
55 70 0.14541364737333465
56 70 0.1645557251463041
57 70 0.1955237648475318
58 70 0.765356155576259
59 70 0.32147356267742183
60 70 0.15554455222997493
61 70 0.06671642214762558
62 70 0.2918719835834311
63 70 0.3470532753654816
64 70 0.3157175751711388
65 70 0.020747597762134598
66 70 0.11933953152896949
67 70 0.2608502012245163
68 70 0.9401034835638709
69 70 0.8825956432523302
0 71 0.3140660928495682
1 71 0.0921319566182234
2 71 0.2931978723832138
3 71 0.14490128587086767
4 71 0.16124515774162743
5 71 0.3417215789310445
6 71 0.2878721753588058
7 71 0.2887224496343915
8 71 0.14675272920841312
9 71 0.27498030446137833
10 71 0.3252903120431455
11 71 0.7732243064801215
12 71 0.12961874812620605
13 71 0.13255316137496231
14 71 0.06337808729684659
15 71 0.2765308151882143
16 71 0.06310259632509138
17 71 0.30405715925926124
18 71 0.17935968801466406
19 71 0.06625596116540793
20 71 0.09866257935329001
21 71 0.30487667700100063
22 71 0.23328608246405944
23 71 0.03568911847638043
24 71 0.04979931305730702
25 71 0.9265433303342618
26 71 0.32825805152542264
27 71 0.9015723391751305
28 71 0.2032453089616831
29 71 0.17239271417483135
30 71 0.34597746055161827
31 71 0.27266645286209074
32 71 0.05826875864546073
33 71 0.3328072740501713
34 71 0.04711084634635878
35 71 0.027489207809307206
36 71 0.008656610089819593
37 71 0.14641251726741175
38 71 0.2571279332708674
39 71 0.2862363666048315
40 71 0.24198117211683243
41 71 0.7457995230502455
42 71 0.33768062522181147
43 71 0.18369023250005245
44 71 0.3462490627468989
45 71 0.2067296246896979
46 71 0.18037185091790714
47 71 0.3378905061948288
48 71 0.9909190504618755
49 71 0.06317083876351641
50 71 0.06296251238022904
51 71 0.07997894365456874
52 71 0.13701787759289433
53 71 0.2796878666769608
54 71 0.08606830695702335
55 71 0.32878044553768854
56 71 0.2635666168926612
57 71 0.24967776735111077
58 71 0.2565646252794283
59 71 0.29655160648829326
60 71 0.14487476058170395
61 71 0.19474492614639577
62 71 0.004773746244354254
63 71 0.017729516539555415
64 71 0.2691439130395822
65 71 0.2330258693428383
66 71 0.30030973906649705
67 71 0.12918797553350186
68 71 0.6563888275958519
69 71 0.7451981905282601
70 71 0.8232433234700243
0 72 0.11422148955723313
1 72 0.11776590698802072
2 72 0.27825460263143237
3 72 0.14317668497347694
4 72 0.09843447533167755
5 72 0.03947335458254737
6 72 0.008764447420517445
7 72 0.3228094479231937
8 72 0.2631795919517792
9 72 0.047658835690826316
10 72 0.07320246431336966
11 72 0.6864308734464686
12 72 0.3143376744540402
13 72 0.11430838155602209
14 72 0.02688668544076686
15 72 0.1751354397632211
16 72 0.30122849847820643
17 72 0.33914795484143895
18 72 0.255814849982011
19 72 0.2904165569152412
20 72 0.06946063295060977
21 72 0.04770712983348606
22 72 0.27572442573287
23 72 0.23669028717235197
24 72 0.3125640098924262
25 72 0.11206396965631603
26 72 0.6610624678275722
27 72 0.6868969483549907
28 72 0.20745554174225384
29 72 0.08478384981411832
30 72 0.10221024669148229
31 72 0.21015007421531065
32 72 0.21407940598614575
33 72 0.04047457304598828
34 72 0.16080858612024013
35 72 0.3078530884052918
36 72 0.25438608771366494
37 72 0.1605120805590167
38 72 0.05902851400618604
39 72 0.22779201772648439
40 72 0.1558717390185393
41 72 0.007227242850768345
42 72 0.24085595425525572
43 72 0.34890190016320916
44 72 0.26427200297253134
45 72 0.24645445215165995
46 72 0.28919409137369756
47 72 0.32574687015875303
48 72 0.23980296290494088
49 72 0.3008183811249904
50 72 0.2153969911131939
51 72 0.1222606771802332
52 72 0.11878042367761185
53 72 0.25787201899078815
54 72 0.26173306979486527
55 72 0.20575922569437333
56 72 0.17319143568071885
57 72 0.09360516508148028
58 72 0.297195932091097
59 72 0.18357159432339504
60 72 0.05470852721254719
61 72 0.3294613972461504
62 72 0.3380890475566774
63 72 0.09230817733496757
64 72 0.09812970779542014
65 72 0.08869233687957254
66 72 0.10755601634584788
67 72 0.2615437147024436
68 72 0.1381959768635664
69 72 0.11421992611940367
70 72 0.34821677556988545
71 72 0.14866002594073166
0 73 0.27525661609224195
1 73 0.04113219561084358
2 73 0.06441643874379174
3 73 0.09203649114907914
4 73 0.09408564130960112
5 73 0.0141943908593194
6 73 0.23291589038747232
7 73 0.34488259973767704
8 73 0.010458511211070365
9 73 0.3043615671339453
10 73 0.10681097968989381
11 73 0.2496458256395655
12 73 0.08084060644515102
13 73 0.2792251073725139
14 73 0.02940685926294128
15 73 0.31665133407949303
16 73 0.2038770014965659
17 73 0.2152263615220982
18 73 0.2592834040766252
19 73 0.24250051247907778
20 73 0.1997259339101697
21 73 0.19461851531820087
22 73 0.2401645451072002
23 73 0.2961767882995588
24 73 0.03354838414344277
25 73 0.3013858283931196
26 73 0.020081354655432957
27 73 0.009576961679429374
28 73 0.06756135904510037
29 73 0.32072103868267166
30 73 0.12347441555673037
31 73 0.059031645642941936
32 73 0.12242846570703778
33 73 0.021175174856664068
34 73 0.15310702777596977
35 73 0.08603388958698886
36 73 0.16600359117798305
37 73 0.2946885335827565
38 73 0.06330429547237451
39 73 0.0664562867182343
40 73 0.22333245046699501
41 73 0.2541019772235678
42 73 0.2799114133280377
43 73 0.08812696133452488
44 73 0.11148892665332173
45 73 0.007492382661689467
46 73 0.01875925244614174
47 73 0.019383961020035118
48 73 0.7815135509760385
49 73 0.2860016899962939
50 73 0.31184309552568595
51 73 0.2955116584770403
52 73 0.3135532022793699
53 73 0.2685222569762621
54 73 0.17861891181448233
55 73 0.17506779579564882
56 73 0.18955461989083938
57 73 0.0361167856735262
58 73 0.21452175577302815
59 73 0.21926810439236913
60 73 0.23500771595516914
61 73 0.25494173878213994
62 73 0.05555084631916334
63 73 0.006161704152016184
64 73 0.23169437695598727
65 73 0.3373792943413936
66 73 0.23878629102601806
67 73 0.27974378634605546
68 73 0.25867135326600993
69 73 0.034694169522086656
70 73 0.25230750833589194
71 73 0.21326966794810395
72 73 0.06252367941884664
0 74 0.3263252234370404
1 74 0.13402366607946287
2 74 0.3296067871728856
3 74 0.002825378482470886
4 74 0.33312684642188584
5 74 0.1997759551845901
6 74 0.2611993458121761
7 74 0.1548168630477936
8 74 0.04856955943428337
9 74 0.015331240787460692
10 74 0.09276880533730839
11 74 0.2654925388269036
12 74 0.07035857744262745
13 74 0.30124313865723346
14 74 0.12139982629269873
15 74 0.30235879044823405
16 74 0.21051743218831506
17 74 0.08898755006670225
18 74 0.24560618569480783
19 74 0.25598797798350253
20 74 0.3465855367891082
21 74 0.1328558029413448
22 74 0.19333073932137665
23 74 0.28031193371528546
24 74 0.25701942112392206
25 74 0.09746387692517522
26 74 0.11928068598779812
27 74 0.14430980082103967
28 74 0.1683842891875865
29 74 0.3300655520688932
30 74 0.0962291745603056
31 74 0.1139297642782594
32 74 0.16185499654351093
33 74 0.21803839128385072
34 74 0.022739605483474777
35 74 0.07994910590065729
36 74 0.23801609650693525
37 74 0.1642868510803179
38 74 0.17411638811266697
39 74 0.3439381095504627
40 74 0.18496324890161422
41 74 0.15975370779486112
42 74 0.33218174180497234
43 74 0.3246781988580903
44 74 0.14540087520379
45 74 0.18252908489648087
46 74 0.10253396225163078
47 74 0.204581012130436
48 74 0.8357037840533155
49 74 0.3306345019861477
50 74 0.01986961815477644
51 74 0.27885183212717257
52 74 0.022971620881967685
53 74 0.05557073171994429
54 74 0.2483212636798383
55 74 0.19044521188192542
56 74 0.2967832991955877
57 74 0.009958260197777584
58 74 0.07024591362946309
59 74 0.31823244078829666
60 74 0.1568914547112297
61 74 0.3422485380584997
62 74 0.22532930041067203
63 74 0.13005073205999723
64 74 0.18796073879366304
65 74 0.024466818994592042
66 74 0.0761871880395282
67 74 0.15289510287503227
68 74 0.02813021420877245
69 74 0.32731606038994676
70 74 0.12853474042022872
71 74 0.132542824024242
72 74 0.23943643579252843
73 74 0.7111449095001174
0 75 0.16145152570449653
1 75 0.19787426396461896
2 75 0.14175512162717654
3 75 0.013151328485437597
4 75 0.04890686058758173
5 75 0.3271148187861025
6 75 0.2699562293420464
7 75 0.2293193807685216
8 75 0.2860702872978283
9 75 0.1265358482125097
10 75 0.2040875046896833
11 75 0.2132054107483115
12 75 0.34050828877424905
13 75 0.24822812155792676
14 75 0.11010497050630488
15 75 0.16081032954019536
16 75 0.1610070483293026
17 75 0.33029060863342646
18 75 0.27570864075184115
19 75 0.3304114100759939
20 75 0.010556317099895312
21 75 0.17828659500524308
22 75 0.09536046103017928
23 75 0.01792372749938788
24 75 0.3369995397274983
25 75 0.7953287546534495
26 75 0.2863883221587902
27 75 0.2890390324267566
28 75 0.05561787108590557
29 75 0.26506980827538285
30 75 0.16882283174653445
31 75 0.3116665869419719
32 75 0.2568410754235057
33 75 0.052024489366322146
34 75 0.08011641031667871
35 75 0.10544500733666859
36 75 0.03211163314689563
37 75 0.18336141930611688
38 75 0.17571373167018703
39 75 0.1593928331422486
40 75 0.1579341295271949
41 75 0.757932975296552
42 75 0.01880240831370798
43 75 0.04908578541979494
44 75 0.020454808455340333
45 75 0.06940217062913571
46 75 0.2769855844531437
47 75 0.2701772778288618
48 75 0.7629447508359095
49 75 0.20077275995894392
50 75 0.3386383854538461
51 75 0.030198063646755004
52 75 0.07070160124625209
53 75 0.09570040702327048
54 75 0.19528175956859364
55 75 0.2238811420361799
56 75 0.09703460317920695
57 75 0.28094840309851654
58 75 0.34832547036658507
59 75 0.021262633994217642
60 75 0.26366883888523146
61 75 0.11623307408240044
62 75 0.2522180792413981
63 75 0.20151140924911715
64 75 0.3269552318428822
65 75 0.2483271902934145
66 75 0.03904949479412604
67 75 0.31865814213792515
68 75 0.7679064911271726
69 75 0.8850735627516518
70 75 0.873380920793863
71 75 0.9482031509037003
72 75 0.1266874818577375
73 75 0.2276720937572827
74 75 0.12918054118907607
