77
0 1 0.9859114532544404
0 2 0.8137647981876165
1 2 0.055826633790296454
0 3 0.8411353994680566
1 3 0.07337411669459465
2 3 0.7755401683876246
0 4 0.8439387164828801
1 4 0.10482783280807245
2 4 0.0898863414817769
3 4 0.010192326977177563
0 5 0.8399206628119635
1 5 0.023248428124458986
2 5 0.2050185085783284
3 5 0.24865904768356492
4 5 0.01339881952002589
0 6 0.9507500576460352
1 6 0.0549673108210772
2 6 0.1582231995822071
3 6 0.20363006766012576
4 6 0.15766920260861284
5 6 0.06929385809601307
0 7 0.9739436555847693
1 7 0.2402533865209882
2 7 0.2444228975265183
3 7 0.08728894770495574
4 7 0.23440290258583102
5 7 0.18367662098076185
6 7 0.22247991766732103
0 8 0.8521021546739256
1 8 0.01776958277739088
2 8 0.10064809082570816
3 8 0.032768729264058494
4 8 0.0001081851072644302
5 8 0.004789332275471736
6 8 0.08723054611729747
7 8 0.09789422830783487
0 9 0.9620493007730836
1 9 0.20987696458500435
2 9 0.009875564182229846
3 9 0.23320481430627685
4 9 0.1312212075473546
5 9 0.14481053335535463
6 9 0.16359494811147857
7 9 0.04030276677180608
8 9 0.02892631099163659
0 10 0.1295295264950818
1 10 0.11301332282064816
2 10 0.21969504087353953
3 10 0.12786387607623056
4 10 0.23277546443691088
5 10 0.11306222138087416
6 10 0.2019116461458423
7 10 0.10974826153599757
8 10 0.05929242749354097
9 10 0.2304452067126398
0 11 0.9451183105916254
1 11 0.06900786903620049
2 11 0.9877177861401301
3 11 0.774607352374997
4 11 0.1568633913427073
5 11 0.1228342330911322
6 11 0.21135187145863227
7 11 0.03274180359000978
8 11 0.2118657906736344
9 11 0.1128506988554897
10 11 0.8872302386447511
0 12 0.12746066964850636
1 12 0.03542789245674924
2 12 0.07163671795224422
3 12 0.06555978184763275
4 12 0.16941188599216603
5 12 0.1335386387770346
6 12 0.23041883128916907
7 12 0.21941503432195716
8 12 0.07867117033530649
9 12 0.16534176240701448
10 12 0.09076221792840147
11 12 0.9286628068187972
0 13 0.07709427156803617
1 13 0.11901969343373134
2 13 0.06695783433749936
3 13 0.06705999701164148
4 13 0.18488289233696892
5 13 0.11882529375378156
6 13 0.08396006134981304
7 13 0.11803842866615863
8 13 0.02089086188979361
9 13 0.02850208463068718
10 13 0.1789474136726604
11 13 0.8512182149224237
12 13 0.13909274046407805
0 14 0.1607625069871304
1 14 0.06464477867766963
2 14 0.08933781493416215
3 14 0.07526182112856356
4 14 0.000364408357235807
5 14 0.19361879801439633
6 14 0.2343409552027347
7 14 0.22016427051506982
8 14 0.23155735145124737
9 14 0.051360893795923956
10 14 0.1286559898210403
11 14 0.9827345000550249
12 14 0.030206052744504108
13 14 0.20803302046060387
0 15 0.2051170594994765
1 15 0.14571992106118928
2 15 0.15449633746966587
3 15 0.016782789876891163
4 15 0.2462820581806387
5 15 0.16541057014381036
6 15 0.029509240509277335
7 15 0.007196385444414838
8 15 0.12337584668566856
9 15 0.20269822909292576
10 15 0.14018817182507315
11 15 0.8278097131379372
12 15 0.07642756356145528
13 15 0.18099012775353734
14 15 0.23672468757358645
0 16 0.03821228056923473
1 16 0.025569132896318597
2 16 0.09692639302947909
3 16 0.21450331626657634
4 16 0.1523623084822041
5 16 0.20261859281734662
6 16 0.061453194787646714
7 16 0.053925184832997214
8 16 0.007170185294967074
9 16 0.15376941230947436
10 16 0.10566600121809142
11 16 0.031274198297805256
12 16 0.2467907858781271
13 16 0.21909892047835505
14 16 0.13640528495789495
15 16 0.049686949521684454
0 17 0.20671146072822402
1 17 0.049361737801857875
2 17 0.06036611541555412
3 17 0.05864166473177787
4 17 0.20098464563114515
5 17 0.19028617562393124
6 17 0.11571139575441061
7 17 0.06697731507523097
8 17 0.06765055967675293
9 17 0.020776205120972696
10 17 0.18414494372012105
11 17 0.05990089991832459
12 17 0.08114495668556504
13 17 0.017790312949474946
14 17 0.003443657376183268
15 17 0.03142033063181826
16 17 0.9431469175348854
0 18 0.21863307607042992
1 18 0.018735084673346197
2 18 0.008977242219879195
3 18 0.13967515329209998
4 18 0.09622917034063252
5 18 0.1759951363185982
6 18 0.24404586284273183
7 18 0.11028396034634128
8 18 0.1916636336343675
9 18 0.22873833514089542
10 18 0.18491387844203722
11 18 0.22747165279268072
12 18 0.17335599893562828
13 18 0.1617701432605098
14 18 0.04322242202792903
15 18 0.12807741964922387
16 18 0.8116499864482036
17 18 0.8154626286154331
0 19 0.047851998797481976
1 19 0.0021677772143438856
2 19 0.15638790782722392
3 19 0.17595640584327302
4 19 0.21398137850987337
5 19 0.1046700293288523
6 19 0.0943933821645328
7 19 0.15218899442424846
8 19 0.22313266807932677
9 19 0.06257362149860196
10 19 0.06769551369282562
11 19 0.18550771494311877
12 19 0.10372091096562577
13 19 0.24276512885283885
14 19 0.06972010565813014
15 19 0.13715571026636286
16 19 0.979158356481027
17 19 0.9553169568816438
18 19 0.8450143481728284
0 20 0.007650878725772303
1 20 0.012706271745340197
2 20 0.035610280253384696
3 20 0.21365763227165574
4 20 0.12850485546258258
5 20 0.23400223035036216
6 20 0.04961856437980186
7 20 0.15714108255775325
8 20 0.13449886964647587
9 20 0.11386939865629475
10 20 0.10357736720978727
11 20 0.12477703548455468
12 20 0.17628262166508746
13 20 0.046953664688115376
14 20 0.15134957901343507
15 20 0.197311966842893
16 20 0.8586811536319529
17 20 0.9496535991408903
18 20 0.7536833010424185
19 20 0.9857390134782509
0 21 0.1935651614661704
1 21 0.036550584683050225
2 21 0.10091326848032262
3 21 0.13307190828283694
4 21 0.22011127887381052
5 21 0.22425717161155959
6 21 0.19547579299753046
7 21 0.11348426004081652
8 21 0.07363353811256568
9 21 0.24920957410421601
10 21 0.051797658627402404
11 21 0.23634936555975744
12 21 0.1876101067269831
13 21 0.015686978359293335
14 21 0.24278639728079393
15 21 0.18988817247769552
16 21 0.9459903882319338
17 21 0.7509853787275103
18 21 0.8196798665639594
19 21 0.9866495382809397
20 21 0.9352841986199802
0 22 0.17069513605458334
1 22 0.09105901799270044
2 22 0.11095215335411121
3 22 0.07662255728426781
4 22 0.008096305199908421
5 22 0.16466988344426384
6 22 0.04568081580265057
7 22 0.06905026255012625
8 22 0.17411740004331924
9 22 0.13175008820026263
10 22 0.1546606151056865
11 22 0.15630271040238897
12 22 0.2150313814800701
13 22 0.0034606138874558323
14 22 0.22579143907662833
15 22 0.07498708877439664
16 22 0.8930999541080362
17 22 0.9336579406225276
18 22 0.815113970726886
19 22 0.8367403770812167
20 22 0.7813620372062973
21 22 0.846331035545612
0 23 0.11580511828004209
1 23 0.18981689803151355
2 23 0.07229443802301866
3 23 0.17909222407910297
4 23 0.1892066681972858
5 23 0.1333091246101686
6 23 0.15742983505862326
7 23 0.21093413877908265
8 23 0.21143926294392762
9 23 0.016851105001489702
10 23 0.21896534675434615
11 23 0.8752011654501199
12 23 0.770927466413355
13 23 0.11513014597081411
14 23 0.04925030235243649
15 23 0.021628524962681334
16 23 0.7593986931576786
17 23 0.8914152533443211
18 23 0.7795132639419496
19 23 0.836867844961415
20 23 0.8019737900004309
21 23 0.879526193910017
22 23 0.7838726074631491
0 24 0.14468443314058593
1 24 0.06921208834818152
2 24 0.2321060549233972
3 24 0.07678012744710327
4 24 0.24468428731550698
5 24 0.2473966766818874
6 24 0.12077481574813723
7 24 0.22672759241504994
8 24 0.1726768974636385
9 24 0.11741942722892282
10 24 0.059957358567331226
11 24 0.861523639928616
12 24 0.16917304393964896
13 24 0.06590355031050288
14 24 0.13482601280354192
15 24 0.13209895873611735
16 24 0.07918901173264006
17 24 0.10161049404633649
18 24 0.1457161212464919
19 24 0.10237483661891592
20 24 0.1042138126856006
21 24 0.0974485938687305
22 24 0.04388357409906299
23 24 0.8005310422296363
0 25 0.17116408596329077
1 25 0.18846773635379163
2 25 0.03966074307179501
3 25 0.18136204891408775
4 25 0.029027394000216672
5 25 0.10989045917582649
6 25 0.22512355766119493
7 25 0.04943362771017984
8 25 0.1271512243549215
9 25 0.24965869086087275
10 25 0.20040555774195057
11 25 0.7743060163589852
12 25 0.012483117509548086
13 25 0.24647694173298954
14 25 0.08489873621354657
15 25 0.16393476254558847
16 25 0.18152738535745683
17 25 0.2424934205506933
18 25 0.13273595468164143
19 25 0.07629297511874367
20 25 0.03286377934709428
21 25 0.21240423537708994
22 25 0.11290062542947996
23 25 0.9641638957754892
24 25 0.8444551788144514
0 26 0.19987932053769442
1 26 0.08706875119798504
2 26 0.07445413578094123
3 26 0.1407326503725519
4 26 0.018573289474208055
5 26 0.053499813994463796
6 26 0.17165251715634114
7 26 0.0926347750469243
8 26 0.08555519893502095
9 26 0.061400987197053225
10 26 0.21229110591527986
11 26 0.9830509989639982
12 26 0.19954137144284473
13 26 0.01961700395026203
14 26 0.11026532703074635
15 26 0.03753296374170367
16 26 0.8034654566702989
17 26 0.23467498205026388
18 26 0.000835357088084604
19 26 0.13205337029110228
20 26 0.19535994262574272
21 26 0.2340500381542712
22 26 0.0843695002484684
23 26 0.18741624570466658
24 26 0.8262635685086941
25 26 0.904586533532781
0 27 0.1276243999164145
1 27 0.22620455784982926
2 27 0.11410999599558416
3 27 0.02425472721255789
4 27 0.15902068902162717
5 27 0.040595200345317745
6 27 0.07203102572916986
7 27 0.21789196120587231
8 27 0.05231109568900069
9 27 0.033689297928530676
10 27 0.23134483875728717
11 27 0.8417764123503222
12 27 0.1633760528514199
13 27 0.05545547977894294
14 27 0.1848793295121303
15 27 0.09829537999640464
16 27 0.09620953162941256
17 27 0.027678854239204576
18 27 0.20208221847719254
19 27 0.10018092915168245
20 27 0.10561821027533558
21 27 0.07805570833825604
22 27 0.21585522018460518
23 27 0.763755822209042
24 27 0.8264170097933439
25 27 0.8980761061009811
26 27 0.8668116257280526
0 28 0.04311932493622925
1 28 0.24243654424916442
2 28 0.05018473364766385
3 28 0.1041358131905965
4 28 0.12167427340879175
5 28 0.022106639107598747
6 28 0.08639449770637561
7 28 0.1236592524678165
8 28 0.02911490135709227
9 28 0.14725033078843613
10 28 0.05842427621915813
11 28 0.8369521984815187
12 28 0.24685707502537116
13 28 0.1283935067719106
14 28 0.10592572871299638
15 28 0.22579234479372062
16 28 0.06741785012320431
17 28 0.1600448844757021
18 28 0.049020419578936186
19 28 0.15113762608940862
20 28 0.17708499735017363
21 28 0.07305043144882822
22 28 0.09089941225049689
23 28 0.03332213761682273
24 28 0.2493295595526005
25 28 0.22625001243834672
26 28 0.09664581182564677
27 28 0.868332454786251
0 29 0.22443098552403387
1 29 0.12914645611492892
2 29 0.16163308373874807
3 29 0.15886203620159683
4 29 0.10050854833925038
5 29 0.05115372347285241
6 29 0.007881336973616176
7 29 0.16050585236642348
8 29 0.04616856108263526
9 29 0.23820858092772468
10 29 0.21555693099606477
11 29 0.8986176359145981
12 29 0.1587563909311882
13 29 0.0526720390198433
14 29 0.2123823702703261
15 29 0.1309242806590056
16 29 0.05381486889593795
17 29 0.0843500274925452
18 29 0.10720651609383297
19 29 0.10605677614769277
20 29 0.03321808102303461
21 29 0.04848287013985081
22 29 0.20102674370091683
23 29 0.939671900743083
24 29 0.09487413980307333
25 29 0.08535767108319306
26 29 0.029669719864966415
27 29 0.9176313121105732
28 29 0.218158515988239
0 30 0.016081636001777422
1 30 0.10117743420393319
2 30 0.15315657227081964
3 30 0.2261536743389722
4 30 0.14776506214653853
5 30 0.20925048425166498
6 30 0.20970895349603474
7 30 0.09797664531380837
8 30 0.12390056676269623
9 30 0.034789250096522034
10 30 0.24013817369799914
11 30 0.23353376580520482
12 30 0.10522032882882676
13 30 0.050743151364457006
14 30 0.18475429924347123
15 30 0.1768771047290661
16 30 0.028762310707044214
17 30 0.16375021569641257
18 30 0.16184314626216187
19 30 0.15405022065884874
20 30 0.046167170412240666
21 30 0.1379276049884696
22 30 1.6243823006939495e-05
23 30 0.8270616797826231
24 30 0.0033736827941587277
25 30 0.03220481983238643
26 30 0.13345259956688435
27 30 0.13325747612233113
28 30 0.01974871311496479
29 30 0.12721651552548371
0 31 0.20762019351680652
1 31 0.1935565196432926
2 31 0.20456719828755068
3 31 0.17329286909314295
4 31 0.14291036236855711
5 31 0.11009856869918974
6 31 0.025190732063443605
7 31 0.19738239164508503
8 31 0.02290837683302016
9 31 0.005765281215843271
10 31 0.14644755773277743
11 31 0.7915106652638453
12 31 0.015384359488329696
13 31 0.18713381803772036
14 31 0.08535907420014369
15 31 0.016883206286850028
16 31 0.08313948290152764
17 31 0.008101615188367384
18 31 0.07221311843706588
19 31 0.14839443492058516
20 31 0.1787399136366755
21 31 0.01441217142941692
22 31 0.17484841361075043
23 31 0.8699823555369092
24 31 0.16222554179390097
25 31 0.1948728852764465
26 31 0.04409031207265354
27 31 0.8935254460582935
28 31 0.055173887111923
29 31 0.19462880454064113
30 31 0.9970019761225453
0 32 0.1586584286545645
1 32 0.14036772095134614
2 32 0.18397375461353963
3 32 0.14391538667927445
4 32 0.11273296412485084
5 32 0.018574171934610723
6 32 0.1894453429805103
7 32 0.08960085694512479
8 32 0.18649622197551183
9 32 0.012984366714659495
10 32 0.19236696661715844
11 32 0.9049457483834252
12 32 0.05147499331955377
13 32 0.14196475924580082
14 32 0.1037773574835559
15 32 0.20562687833596352
16 32 0.23440538625033752
17 32 0.07317075919696431
18 32 0.06281786160761085
19 32 0.03402905383534183
20 32 0.04123255719897201
21 32 0.12537142986395688
22 32 0.09154786726454262
23 32 0.1485160298778051
24 32 0.10854550451501546
25 32 0.0668321528504072
26 32 0.2202570141195122
27 32 0.14607457965527385
28 32 0.14231202055604755
29 32 0.06078301275121528
30 32 0.010566477682937309
31 32 0.20737027824701035
0 33 0.0184441387595001
1 33 0.16184091461295522
2 33 0.018451645342203754
3 33 0.03173327251069616
4 33 0.04039747503844443
5 33 0.03554996851286529
6 33 0.06920541900076141
7 33 0.03106675009897436
8 33 0.15218224058209323
9 33 0.07297388417252876
10 33 0.010732757916692176
11 33 0.9685159037811515
12 33 0.0653396735295918
13 33 0.07068959990905924
14 33 0.19404433639458685
15 33 0.07062673652851326
16 33 0.0817131938147426
17 33 0.24862251048967082
18 33 0.05185650865416544
19 33 0.2463013293711147
20 33 0.24748583452438502
21 33 0.0407532493400137
22 33 0.2495118328591774
23 33 0.14125300935270466
24 33 0.21409060229494006
25 33 0.12623248520084157
26 33 0.22488534853523617
27 33 0.7833966799883317
28 33 0.1286470367429144
29 33 0.08219662143641898
30 33 0.21643224377413586
31 33 0.034155670439878605
32 33 0.14135957037946928
0 34 0.18822342498788291
1 34 0.21114109534433617
2 34 0.08616045096661568
3 34 0.07533131853486821
4 34 0.12411795307674764
5 34 0.2034075048579388
6 34 0.22290420264441893
7 34 0.19743556759133282
8 34 0.10676706500116206
9 34 0.16741985421883493
10 34 0.06324927735268138
11 34 0.805999157860317
12 34 0.02608393507896062
13 34 0.1444402502008179
14 34 0.016330141675759108
15 34 0.06274489203026531
16 34 0.01902160215511753
17 34 0.24949447628465302
18 34 0.22582975560565577
19 34 0.20825777339813342
20 34 0.10853129149522953
21 34 0.14711999535530482
22 34 0.12736615699513112
23 34 0.14814505012667348
24 34 0.10625601385822797
25 34 0.15847663830722725
26 34 0.1205313916731739
27 34 0.011340906836187575
28 34 0.015670717718800964
29 34 0.9861776076809989
30 34 0.22637791239925154
31 34 0.038787106234630636
32 34 0.09446066896318764
33 34 0.0684224626126752
0 35 0.034995505514476
1 35 0.14962439205099745
2 35 0.20077559849097362
3 35 0.15591800925770663
4 35 0.08430469467038937
5 35 0.11357604830927306
6 35 0.24041379682514183
7 35 0.10285129447035188
8 35 0.02632896060286216
9 35 0.0981999444463959
10 35 0.1283105319715822
11 35 0.8733206850357702
12 35 0.1662412132884176
13 35 0.22214565647704154
14 35 0.21812059691421706
15 35 0.24058055235737733
16 35 0.1554932956245076
17 35 0.06847757908810168
18 35 0.206868192370742
19 35 0.24044352266278124
20 35 0.2496967280686504
21 35 0.24515643874041326
22 35 0.2131032777898616
23 35 0.073922602251695
24 35 0.18214079181143888
25 35 0.044192087009850695
26 35 0.24537524464888466
27 35 0.07893987204461284
28 35 0.23439692741771198
29 35 0.8403561175623446
30 35 0.007901208035407503
31 35 0.193595426041834
32 35 0.015366690343068645
33 35 0.02098716107199139
34 35 0.9280737981978924
0 36 0.2164618815721125
1 36 0.1832740872598674
2 36 0.24428250027058881
3 36 0.10056255092361244
4 36 0.2251697121549781
5 36 0.0264570839594237
6 36 0.20306261662391384
7 36 0.2135804950699322
8 36 0.2483848244814455
9 36 0.018893639182375965
10 36 0.14139441601263342
11 36 0.7527496006124875
12 36 0.18596134744468445
13 36 0.0676523060770178
14 36 0.19327038456651538
15 36 0.14099210040642146
16 36 0.08128108068082895
17 36 0.0021157770730341197
18 36 0.20103557342719267
19 36 0.16759262737073538
20 36 0.09538535984754276
21 36 0.1822109057693074
22 36 0.01721944095536082
23 36 0.23541371385469573
24 36 0.08090202421121892
25 36 0.11040057548084431
26 36 0.15978287720279177
27 36 0.06742202169663247
28 36 0.22105752998445663
29 36 0.9835787786091951
30 36 0.18360199127001084
31 36 0.08892212728788287
32 36 0.0100858320705913
33 36 0.2130271683896722
34 36 0.9634974101760029
35 36 0.9812929963851436
0 37 0.0036097109440499653
1 37 0.1606527465762873
2 37 0.06627317718365525
3 37 0.02105083105915523
4 37 0.16134368283128925
5 37 0.11213772747592188
6 37 0.0018218281818013493
7 37 0.09139053181691206
8 37 0.11740809465958307
9 37 0.24762744168962203
10 37 0.12065717803815942
11 37 0.9608341934352977
12 37 0.14833823641736216
13 37 0.16525955040632914
14 37 0.1422525065055097
15 37 0.06900127850841523
16 37 0.22453958764195842
17 37 0.038757370398763535
18 37 0.044789041244322564
19 37 0.21589165975507962
20 37 0.16219158584004437
21 37 0.18602062187353677
22 37 0.06403410244969424
23 37 0.1271056109844758
24 37 0.24353012257130677
25 37 0.1997032185576705
26 37 0.2000894421360232
27 37 0.24300560692068324
28 37 0.09858408342764477
29 37 0.8340233142062549
30 37 0.11900590044766016
31 37 0.02435103004911915
32 37 0.034573852894015156
33 37 0.012202493539337361
34 37 0.9975031724644379
35 37 0.7988833653783141
36 37 0.7907359458035645
0 38 0.08152659275053753
1 38 0.2447969315260954
2 38 0.17517933380212378
3 38 0.1910310538316073
4 38 0.21953119855327238
5 38 0.22189423587186805
6 38 0.047942257465366594
7 38 0.19109804334395927
8 38 0.23114979145140044
9 38 0.055935946762800115
10 38 0.18238338951220223
11 38 0.9130824694531736
12 38 0.1489098713514509
13 38 0.0703087170521467
14 38 0.2284822927846979
15 38 0.16268198228077285
16 38 0.1423045998689141
17 38 0.14158396089832523
18 38 0.21315368019442885
19 38 0.0036744637184716322
20 38 0.23795372946656315
21 38 0.06654047885758982
22 38 0.038387719313376506
23 38 0.1785778750251985
24 38 0.21817218616490683
25 38 0.02758346192109734
26 38 0.06610764020429874
27 38 0.18879307641054321
28 38 0.16926846869505796
29 38 0.9898915834821661
30 38 0.19946047232049985
31 38 0.051375625579197975
32 38 0.22808445351383508
33 38 0.2345348013003694
34 38 0.9840305865599219
35 38 0.8906756449495319
36 38 0.8113549375537235
37 38 0.9416184776758519
0 39 0.10061873698699297
1 39 0.1592179927746573
2 39 0.04044744818464016
3 39 0.20813164932675451
4 39 0.1404158530519021
5 39 0.24582351649210044
6 39 0.2224869522969541
7 39 0.09754518773672524
8 39 0.15779481568562506
9 39 0.12663962818166286
10 39 0.16137031767701032
11 39 0.09524862107880375
12 39 0.11845033680969308
13 39 0.09320158838259612
14 39 0.1734546451369587
15 39 0.07247908155342708
16 39 0.22405681773258326
17 39 0.17691138532676307
18 39 0.14091631798814533
19 39 0.213634484790999
20 39 0.15860115816358006
21 39 0.08525495472861988
22 39 0.21385138169665274
23 39 0.08761969012807458
24 39 0.12038544888061414
25 39 0.8123826545690872
26 39 0.2075342679188996
27 39 0.2279516079313396
28 39 0.16952164339394085
29 39 0.15384861609963357
30 39 0.032388394535188936
31 39 0.1841566762801278
32 39 0.21290154906753858
33 39 0.22807834250659573
34 39 0.15818176926038394
35 39 0.23915007369191046
36 39 0.22743807024978865
37 39 0.06594312023435395
38 39 0.1373113077794421
0 40 0.015543090381510138
1 40 0.15175541855763505
2 40 0.22700420689983541
3 40 0.17471630749531766
4 40 0.1717041999153396
5 40 0.13899800689346678
6 40 0.08036572889576343
7 40 0.20698775981559447
8 40 0.22632789177998405
9 40 0.22592083350373898
10 40 0.04468341530120476
11 40 0.01962299776323012
12 40 0.22031467706822352
13 40 0.07899802752551216
14 40 0.03718672088395297
15 40 0.1722078695342717
16 40 0.21041382499136388
17 40 0.0832024240371621
18 40 0.22143984683672086
19 40 0.24044751816550566
20 40 0.01148732045794687
21 40 0.11414756762770795
22 40 0.24493429837465017
23 40 0.02559643725824995
24 40 0.02419614628547409
25 40 0.7651877573202248
26 40 0.0777280759003294
27 40 0.18450764763674488
28 40 0.01443378920549232
29 40 0.1500974052105312
30 40 0.10637840518770725
31 40 0.06787038754145872
32 40 0.04182872797641829
33 40 0.02200365733222326
34 40 0.2407067558390835
35 40 0.1785452747182012
36 40 0.15785727371058728
37 40 0.022323853614996253
38 40 0.23506956064037524
39 40 0.11406998923445608
0 41 0.19116731638569978
1 41 0.13281529628789052
2 41 0.24982130540317687
3 41 0.15382073129156373
4 41 0.21003720713835453
5 41 0.24124028591477004
6 41 0.22608182428775705
7 41 0.24813225114472204
8 41 0.07733890196915472
9 41 0.23871198882154643
10 41 0.12303263634990577
11 41 0.08849239325844485
12 41 0.209181459246374
13 41 0.00559402976409798
14 41 0.20748723171478162
15 41 0.23951166913513894
16 41 0.21188764109565955
17 41 0.015254547472403457
18 41 0.1056517122668045
19 41 0.027270709849201824
20 41 0.06291362934977393
21 41 0.15442234760458273
22 41 0.12444449856657769
23 41 0.21542383129358053
24 41 0.795954496177169
25 41 0.8721596318797877
26 41 0.196684071798332
27 41 0.18199710665034455
28 41 0.17005028130759658
29 41 0.004344721943291829
30 41 0.23721876027834424
31 41 0.23714612988488087
32 41 0.010757510950453186
33 41 0.014017402208000823
34 41 0.03766978152405365
35 41 0.10528410439775573
36 41 0.11086111523323425
37 41 0.16690233740421392
38 41 0.08163744825297486
39 41 0.1732728635646002
40 41 0.12103335979227381
0 42 0.08273910565542991
1 42 0.2399378000774666
2 42 0.22602420647847765
3 42 0.19892791491054848
4 42 0.23197166230627173
5 42 0.11399293155099877
6 42 0.17109823926776854
7 42 0.22486824138052292
8 42 0.2231052780671434
9 42 0.060146342510819406
10 42 0.23602813131398367
11 42 0.14579455610283742
12 42 0.24466481812746446
13 42 0.12558208887127684
14 42 0.11870792004407732
15 42 0.014190597298413793
16 42 0.10614451715957343
17 42 0.165104387459994
18 42 0.06130719339524948
19 42 0.0006796871321254061
20 42 0.025040396450354857
21 42 0.10465667005097143
22 42 0.0723195426140873
23 42 0.05719834687386413
24 42 0.7850278409065383
25 42 0.8926043154876246
26 42 0.11559636401728873
27 42 0.05975116561914873
28 42 0.12666766704828183
29 42 0.1523224273670122
30 42 0.00999196934532065
31 42 0.04584511530364718
32 42 0.19792236855047257
33 42 0.1365827098048056
34 42 0.18833860898547927
35 42 0.2489396237694542
36 42 0.2058883823809392
37 42 0.16560065953137657
38 42 0.022935382058459353
39 42 0.0544619080382501
40 42 0.22018865390409803
41 42 0.9214662246450946
0 43 0.06175765352187848
1 43 0.15103741091351588
2 43 0.05494424329607597
3 43 0.18509427404847462
4 43 0.2474478058950295
5 43 0.20195594659529428
6 43 0.008926488956700035
7 43 0.1797836093302757
8 43 0.08027494938018687
9 43 0.10909288250282953
10 43 0.047426416021529416
11 43 0.7965058320233964
12 43 0.08270292309524635
13 43 0.2168235788924476
14 43 0.198817579191932
15 43 0.009907815456275643
16 43 0.09211184392838892
17 43 0.1891718010589929
18 43 0.21861794291268002
19 43 0.08544437888978529
20 43 0.058769373587166496
21 43 0.22345622595969933
22 43 0.22406578611579364
23 43 0.10429643933840815
24 43 0.19603401319762345
25 43 0.24744842001904127
26 43 0.8975723381823275
27 43 0.8512529155168302
28 43 0.22350595555769226
29 43 0.1817773427248598
30 43 0.08115506573295952
31 43 0.03130673201878162
32 43 0.23958561724977673
33 43 0.13927834606197845
34 43 0.18723681050577076
35 43 0.1039079283889768
36 43 0.15331799484552602
37 43 0.019085948533370034
38 43 0.06518314467085445
39 43 0.13767230662018934
40 43 0.01775105007154218
41 43 0.1006143620000213
42 43 0.10238828177960563
0 44 0.23413263487106734
1 44 0.00866594271575441
2 44 0.019118514194503833
3 44 0.11549880376223906
4 44 0.1639627622412066
5 44 0.1947394919139691
6 44 0.19214647337666302
7 44 0.04486667013189871
8 44 0.20398482474011903
9 44 0.11502124118191923
10 44 0.05345103201615664
11 44 0.9936058480897437
12 44 0.010209986825478051
13 44 0.07993379154449848
14 44 0.12203125939467466
15 44 0.2030379618285432
16 44 0.18660888680402968
17 44 0.0673534250007636
18 44 0.21124675501887344
19 44 0.03219050707849247
20 44 0.10273512863327941
21 44 0.017912785407654785
22 44 0.10347480905234849
23 44 0.00011005512981537846
24 44 0.08164369025012061
25 44 0.17094376906513759
26 44 0.01356418153185654
27 44 0.145422941468323
28 44 0.9217639474328245
29 44 0.030406882373375854
30 44 0.08074041145719751
31 44 0.07175609337165922
32 44 0.13112471817706395
33 44 0.052215549949874984
34 44 0.02848008982060607
35 44 0.20816363614242975
36 44 0.032890970585950585
37 44 0.20953883464170625
38 44 0.19641923122851723
39 44 0.1712594991938868
40 44 0.21093854617928345
41 44 0.009764784194820825
42 44 0.015037277309140923
43 44 0.11041415406181779
0 45 0.23388724309890618
1 45 0.2288663160792247
2 45 0.007189736357174847
3 45 0.2246453219689912
4 45 0.1917486613076799
5 45 0.17795565775640731
6 45 0.034084956552248524
7 45 0.21622453153807317
8 45 0.16758860078806057
9 45 0.2143520820984463
10 45 0.10484788909907045
11 45 0.0001514606382231054
12 45 0.15356208823024273
13 45 0.05414041443542003
14 45 0.0928355878333591
15 45 0.03080199126965097
16 45 0.23359117190568945
17 45 0.17598560262872082
18 45 0.15522932125798863
19 45 0.028772323476346062
20 45 0.02794948426936142
21 45 0.0163564613816663
22 45 0.12141026019551304
23 45 0.16405781077791026
24 45 0.1831569011835208
25 45 0.06600942101275864
26 45 0.15037641750968841
27 45 0.14992529622688533
28 45 0.9309969717909222
29 45 0.14140882634982502
30 45 0.07575868154728815
31 45 0.07626499400507503
32 45 0.2311217089493957
33 45 0.03793023911023838
34 45 0.029405047108131438
35 45 0.20966517129556117
36 45 0.1431171866556609
37 45 0.20063204853156089
38 45 0.12109699283869241
39 45 0.02314235209198018
40 45 0.05720235280779187
41 45 0.028786137512358118
42 45 0.1530760265228069
43 45 0.14573088222813957
44 45 0.02926183826789211
0 46 0.23776920345778715
1 46 0.05159089389215113
2 46 0.11994402879865854
3 46 0.011813817323460096
4 46 0.11766261710191891
5 46 0.10108548461417588
6 46 0.07989393695133615
7 46 0.10407196248516767
8 46 0.07830258503420914
9 46 0.010157727268451072
10 46 0.04575804869423594
11 46 0.10436898813031723
12 46 0.18054578230070206
13 46 0.008636696944410244
14 46 0.0176455033225566
15 46 0.026962396348766682
16 46 0.12545416064578738
17 46 0.2295655272187717
18 46 0.20919461361522582
19 46 0.15572925467907717
20 46 0.1949479415969319
21 46 0.1876453486470256
22 46 0.10837902198605473
23 46 0.15448557871257212
24 46 0.0505409680775408
25 46 0.1768657437246476
26 46 0.11145248392188778
27 46 0.2197416555061065
28 46 0.11256611937808375
29 46 0.21606441063158802
30 46 0.17011123922368815
31 46 0.05030879664597407
32 46 0.2410352721654667
33 46 0.21915174894908843
34 46 0.06800229870090596
35 46 0.1821879632337858
36 46 0.0012501967076349596
37 46 0.01554484915285001
38 46 0.1136778050362845
39 46 0.01685480462977676
40 46 0.002568289173938615
41 46 0.13316159316699866
42 46 0.10037558298656432
43 46 0.19616564349738744
44 46 0.19429123247784363
45 46 0.08252240106535894
0 47 0.20664627218037895
1 47 0.11310414728251925
2 47 0.16642080704262652
3 47 0.04019895255121472
4 47 0.11668559368952527
5 47 0.21481872194389126
6 47 0.05561027111627587
7 47 0.13772764596871173
8 47 0.02084090390984436
9 47 0.06854373998286173
10 47 0.0667452178142606
11 47 0.20445905651600108
12 47 0.20646022738568898
13 47 0.20160508769307017
14 47 0.2339905493016753
15 47 0.007414321095394749
16 47 0.18745700287412095
17 47 0.23949544861462269
18 47 0.021326860134156134
19 47 0.030418942181275527
20 47 0.03626969203684588
21 47 0.1987481336238252
22 47 0.22396174939730182
23 47 0.08690296764291319
24 47 0.05460279083212233
25 47 0.13332741795403244
26 47 0.14172066774159625
27 47 0.1352459996935513
28 47 0.1439827019552673
29 47 0.013903214527409696
30 47 0.21744339929562223
31 47 0.20976889345159677
32 47 0.21186502936442356
33 47 0.2138199005386217
34 47 0.1752723182146555
35 47 0.18370921716831437
36 47 0.018813815409348456
37 47 0.06952609104491139
38 47 0.14768685100427975
39 47 0.16801577946838928
40 47 0.13870035438570963
41 47 0.08590036027652187
42 47 0.02018146598022394
43 47 0.19355100968883313
44 47 0.02104252321852304
45 47 0.04372732666684351
46 47 0.7677704259903635
0 48 0.07967641419616078
1 48 0.01918441950127578
2 48 0.22437523271667079
3 48 0.19214696836219744
4 48 0.1415526720019375
5 48 0.02681177371055274
6 48 0.09811275873586298
7 48 0.24171907525799083
8 48 0.003521097230306469
9 48 0.019218699921316335
10 48 0.08013711851613184
11 48 0.9079355111476712
12 48 0.02429713941764622
13 48 0.0006296292134344017
14 48 0.15053119957161495
15 48 0.07796796671090053
16 48 0.10479846932735323
17 48 0.18075336510721096
18 48 0.1949922966735344
19 48 0.03997021691750183
20 48 0.1330713341150248
21 48 0.013581356127568
22 48 0.08900992086452608
23 48 0.0007030519296284954
24 48 0.05512831854839759
25 48 0.8461402008063172
26 48 0.2215528581104195
27 48 0.9729457734086742
28 48 0.09965229610831605
29 48 0.1712220247250362
30 48 0.24180934907448337
31 48 0.23402207451743215
32 48 0.0526016289929401
33 48 0.011464638780147834
34 48 0.23073805809045686
35 48 0.08821230063193936
36 48 0.12189806556956764
37 48 0.05065719536108046
38 48 0.03665085606832111
39 48 0.11210724682788456
40 48 0.24254336341555535
41 48 0.13848055185366942
42 48 0.08891325841334075
43 48 0.21782015973397698
44 48 0.07859663912438147
45 48 0.21430734470252746
46 48 0.025458584007680973
47 48 0.9575081420027194
0 49 0.07043311341919539
1 49 0.08380951128199457
2 49 0.06226082492324159
3 49 0.05760953160561996
4 49 0.14602077602785005
5 49 0.24265074497352174
6 49 0.24597246258257485
7 49 0.12024966689520891
8 49 0.2360883360302628
9 49 0.05144971782655036
10 49 0.127057230008742
11 49 0.873498742720892
12 49 0.20017750259691355
13 49 0.2073341069934007
14 49 0.20573439720336603
15 49 0.06254692635485412
16 49 0.09497090917327927
17 49 0.2130511397971697
18 49 0.014907377051595588
19 49 0.031834410582868206
20 49 0.024429013838871777
21 49 0.2281533062672983
22 49 0.22251825286649687
23 49 0.046045564926989885
24 49 0.16487353093517707
25 49 0.07733452551665271
26 49 0.8622331723679617
27 49 0.22462472786376772
28 49 0.10043927960721202
29 49 0.19033699446935315
30 49 0.07791979055856274
31 49 0.008791639559616399
32 49 0.03768020678297804
33 49 0.11322517246918959
34 49 0.07319856039423353
35 49 0.05099057259572373
36 49 0.025940655357283682
37 49 0.22096438454382578
38 49 0.1756585708225348
39 49 0.10920931720860963
40 49 0.02938266801978956
41 49 0.24179393524295745
42 49 0.08591836220993315
43 49 0.23631511492335205
44 49 0.19709672835361713
45 49 0.1577143802808009
46 49 0.004612326185912952
47 49 0.19247461235529803
48 49 0.02053575566700286
0 50 0.2099082018286867
1 50 0.20692970658552512
2 50 0.23389809429939265
3 50 0.07722779329783075
4 50 0.20652338909699045
5 50 0.24554819381922566
6 50 0.11142851859290176
7 50 0.07730896958737601
8 50 0.14450335363827496
9 50 0.07017233886075494
10 50 0.1336100474306772
11 50 0.017361521493374416
12 50 0.039938719396755085
13 50 0.15328535959985648
14 50 0.10440912501457458
15 50 0.18471783841769632
16 50 0.047358588394351336
17 50 0.1653636539238608
18 50 0.009209676332447153
19 50 0.05264575795040988
20 50 0.2417094120102435
21 50 0.004732079068139661
22 50 0.12400120210710769
23 50 0.03179536980708933
24 50 0.9434369792922372
25 50 0.03670861862051111
26 50 0.1593182508638925
27 50 0.09672921360943831
28 50 0.13705177750239966
29 50 0.05973653324084277
30 50 0.03521384577744516
31 50 0.17583742664816263
32 50 0.0006923051206669251
33 50 0.1749377014693539
34 50 0.03833348583468088
35 50 0.08495517434023919
36 50 0.05255380927777173
37 50 0.04374740297876861
38 50 0.04766885803955903
39 50 0.0425747004860452
40 50 0.11069337062999027
41 50 0.10498024842482145
42 50 0.10264157853514416
43 50 0.21716067043048282
44 50 0.22232796420878356
45 50 0.2150416163210462
46 50 0.1234180243542404
47 50 0.012347780577911943
48 50 0.002539706323278851
49 50 0.7505421120657545
0 51 0.08773800802061826
1 51 0.24884835429364047
2 51 0.18778432372258366
3 51 0.056123897199211153
4 51 0.04976864908031453
5 51 0.058758342502526845
6 51 0.04323633479478689
7 51 0.032442244154010313
8 51 0.013933955347608579
9 51 0.2431042430860559
10 51 0.058922629973291035
11 51 0.893801717760087
12 51 0.23015440294587314
13 51 0.18438313772990475
14 51 0.02831013406157279
15 51 0.13946122553177107
16 51 0.21153893035006144
17 51 0.09490033097814182
18 51 0.08779294921965253
19 51 0.03086697658966217
20 51 0.10133956243534414
21 51 0.05879868231205379
22 51 0.04858488967022864
23 51 0.12162270967077898
24 51 0.11899609092020724
25 51 0.22438585223726598
26 51 0.9250915514203482
27 51 0.16834587376187252
28 51 0.054253613458477595
29 51 0.01171046524343547
30 51 0.21392175935529936
31 51 0.20136846597439476
32 51 0.00893507298068777
33 51 0.006452930095455889
34 51 0.12589177607967142
35 51 0.02562627631134684
36 51 0.13444081923554294
37 51 0.1522689004166668
38 51 0.05933172990498803
39 51 0.11345474200535133
40 51 0.21526519754951776
41 51 0.04561654897363951
42 51 0.16853804675396428
43 51 0.0023091644189201788
44 51 0.043646443890279774
45 51 0.17183499343477884
46 51 0.03020171238636074
47 51 0.24075035330310549
48 51 0.07809362692803046
49 51 0.8549110251359342
50 51 0.07482371520037626
0 52 0.22604454088670742
1 52 0.03248117477067464
2 52 0.22819549467432265
3 52 0.18893347010733075
4 52 0.1200892863872659
5 52 0.046555641511421525
6 52 0.053572415636762655
7 52 0.10572725105348577
8 52 0.030996841755986992
9 52 0.04730727008666091
10 52 0.21554514230763613
11 52 0.046287393827142365
12 52 0.027749941651296184
13 52 0.21688987935703563
14 52 0.05367012516034686
15 52 0.07195726306294556
16 52 0.1208979394861947
17 52 0.07688690820834568
18 52 0.036391384002246896
19 52 0.007662884946169096
20 52 0.04316375755916746
21 52 0.10969435252206286
22 52 0.10335779006902965
23 52 0.2152908484587088
24 52 0.24811169613926037
25 52 0.16729574594098012
26 52 0.12252745453925182
27 52 0.1763738902859552
28 52 0.1267461773785823
29 52 0.17146596490325772
30 52 0.11089137074348776
31 52 0.1485967267109032
32 52 0.11218130701354576
33 52 0.09961488601631738
34 52 0.014074817521888494
35 52 0.1954879988153179
36 52 0.11108286053351799
37 52 0.14537253654332724
38 52 0.08081007529413484
39 52 0.9334835973770532
40 52 0.12299113041468093
41 52 0.23428145036554146
42 52 0.1941422967955063
43 52 0.05401488844842586
44 52 0.15854098234623307
45 52 0.005188520586532269
46 52 0.18608290657684792
47 52 0.0010236373980671287
48 52 0.09856304054040307
49 52 0.16237611437798935
50 52 0.1943403837840006
51 52 0.9555639472867583
0 53 0.24896774146980052
1 53 0.14899491507613208
2 53 0.20295488490845393
3 53 0.001398903078848046
4 53 0.20103720408691114
5 53 0.16601029122530284
6 53 0.22349955492713883
7 53 0.1012810471395098
8 53 0.1702139784583005
9 53 0.2152248737263188
10 53 0.09098774603440687
11 53 0.11304646286439787
12 53 0.07489198193390514
13 53 0.09568998926188163
14 53 0.17936358069158456
15 53 0.12988944834003047
16 53 0.15105448878678499
17 53 0.015863537124951893
18 53 0.195589013930582
19 53 0.1393516240962295
20 53 0.05745165064280944
21 53 0.1070520215392044
22 53 0.15814999890810547
23 53 0.18245257824518504
24 53 0.00884223928942987
25 53 0.13903266588623434
26 53 0.09521223985097713
27 53 0.2452272309440902
28 53 0.1931806908467591
29 53 0.129834657152086
30 53 0.24027427383619246
31 53 0.09760031831653132
32 53 0.03854876176670449
33 53 0.07327873339349594
34 53 0.11042827487511839
35 53 0.17620470646247965
36 53 0.09093438804551626
37 53 0.12570797331545416
38 53 0.1981077990455924
39 53 0.20624863605914956
40 53 0.24282046867547866
41 53 0.15465464524692477
42 53 0.09590983256239469
43 53 0.015452012657238029
44 53 0.016779237939705954
45 53 0.13008327626140798
46 53 0.15111465125303436
47 53 0.2426264237743554
48 53 0.14459342530929015
49 53 0.09879900460541072
50 53 0.07850203573432166
51 53 0.8525207177229274
52 53 0.05627870418049982
0 54 0.18680289076175202
1 54 0.013495655901635317
2 54 0.18321367640998035
3 54 0.18856705442826097
4 54 0.0678716787507182
5 54 0.24586577969967072
6 54 0.1625872719643739
7 54 0.18371242576310545
8 54 0.15889178964223868
9 54 0.19216707420017787
10 54 0.10213148679645262
11 54 0.1826287704241317
12 54 0.22872486897024624
13 54 0.22251788740682749
14 54 0.22875417583751714
15 54 0.21745214654828782
16 54 0.04012353835553967
17 54 0.018976715804479738
18 54 0.027078352214756185
19 54 0.2046279907400474
20 54 0.16744071756877119
21 54 0.16052674422631397
22 54 0.21269789749248097
23 54 0.04566662919690592
24 54 0.23539933576858077
25 54 0.06574597615173719
26 54 0.9991325963711999
27 54 0.159704470302918
28 54 0.04251524686830649
29 54 0.12393361896375754
30 54 0.10120864273830218
31 54 0.23455023613789935
32 54 0.11572801987093992
33 54 0.039034274274561104
34 54 0.21945703122129098
35 54 0.22730587500471564
36 54 0.18353498379956687
37 54 0.0878601544027488
38 54 0.045024922129877715
39 54 0.16672579981369515
40 54 0.027757204747842018
41 54 0.05388424547914433
42 54 0.08341305638419733
43 54 0.030554426574904564
44 54 0.10822540846378165
45 54 0.15515420166391555
46 54 0.22702394550514582
47 54 0.23593042801154665
48 54 0.05971091380148294
49 54 0.960082398458889
50 54 0.12730613669400476
51 54 0.8287002373723583
52 54 0.011976652861331483
53 54 0.02171081117778631
0 55 0.11772326685412438
1 55 0.09911478243915328
2 55 0.0796882877829038
3 55 0.16437414037227766
4 55 0.028874962130476106
5 55 0.06247470650528186
6 55 0.018997658491569175
7 55 0.09500674694607378
8 55 0.1775610771158348
9 55 0.12521711556360063
10 55 0.11187528989268486
11 55 0.8740274712645337
12 55 0.19892391164252196
13 55 0.006002945696152423
14 55 0.057635636115027616
15 55 0.21519439832842865
16 55 0.8544188562894612
17 55 0.01794390261823678
18 55 0.22192575108533488
19 55 0.19227911985526472
20 55 0.23571653174465948
21 55 0.08185707406359377
22 55 0.209371048644569
23 55 0.2131082764699016
24 55 0.0005836220348442167
25 55 0.8409090285483225
26 55 0.9796678677213204
27 55 0.0936191978927369
28 55 0.20003443323965692
29 55 0.15805273229074965
30 55 0.14272285275785632
31 55 0.18540461169492906
32 55 0.03242130400604551
33 55 0.15012096221152063
34 55 0.11519828239506258
35 55 0.10956260199251291
36 55 0.09972402839321656
37 55 0.12485804009784804
38 55 0.17516761886628776
39 55 0.7832961747510221
40 55 0.20752391379325577
41 55 0.9226824696380819
42 55 0.030997079633212576
43 55 0.14680381103222526
44 55 0.06559328899932845
45 55 0.04193106321007872
46 55 0.1697790747406146
47 55 0.17760595567923815
48 55 0.9952564290218364
49 55 0.860591757798597
50 55 0.028309063023692405
51 55 0.7562132884179326
52 55 0.02360387313643625
53 55 0.20332720683406394
54 55 0.8282299950739944
0 56 0.025036316095959604
1 56 0.005792501825302221
2 56 0.1489670513551669
3 56 0.0017673833799229932
4 56 0.15595020540511711
5 56 0.2444318494525958
6 56 0.1762450892422867
7 56 0.1797389553469571
8 56 0.23758380480351105
9 56 0.22869452029285783
10 56 0.1694972223655178
11 56 0.05336764404387184
12 56 0.07420569360691048
13 56 0.22570912610186838
14 56 0.20796273183284816
15 56 0.10326586414559649
16 56 0.0633009743523078
17 56 0.08093095202383233
18 56 0.17640534087051435
19 56 0.04950755641058399
20 56 0.05253741725937369
21 56 0.0045873746723519016
22 56 0.091474570194826
23 56 0.06324271077929663
24 56 0.00880510387483488
25 56 0.22333874078962804
26 56 0.19178066625159398
27 56 0.23877311232035126
28 56 0.1322034037290992
29 56 0.13974396619683654
30 56 0.09941487441777841
31 56 0.10288866733589949
32 56 0.04405524854970505
33 56 0.05971429923338065
34 56 0.22066575326397495
35 56 0.2107360576287944
36 56 0.03805349374202174
37 56 0.017356382034338425
38 56 0.018118669796496706
39 56 0.23947450522593663
40 56 0.075273907979267
41 56 0.07575253376061497
42 56 0.001955828244022878
43 56 0.0313525738218135
44 56 0.11870895142114385
45 56 0.1897251250161813
46 56 0.2497018048977653
47 56 0.0463090343754651
48 56 0.10518673807555712
49 56 0.8018998405444551
50 56 0.23884467497691841
51 56 0.15157706392164647
52 56 0.2047945693523687
53 56 0.10122096994133292
54 56 0.134495988612082
55 56 0.8225789174164363
0 57 0.16673354565543233
1 57 0.13815370068350746
2 57 0.09943894954774712
3 57 0.14831338080592588
4 57 0.12104992586688301
5 57 0.07127604557631312
6 57 0.03091124514084989
7 57 0.06074191613913424
8 57 0.24204993878642825
9 57 0.18618200048799366
10 57 0.14406692387134473
11 57 0.022020660181837376
12 57 0.11693679755328759
13 57 0.02940120565109383
14 57 0.059437933130575105
15 57 0.17598703304762334
16 57 0.18946556596020495
17 57 0.009225790085259228
18 57 0.17228934507698038
19 57 0.021358824436222584
20 57 0.22697659582901872
21 57 0.1558691579851441
22 57 0.1794918044524361
23 57 0.24768676288587943
24 57 0.24096990822725298
25 57 0.15278565165491478
26 57 0.2410283176872505
27 57 0.037869505727068126
28 57 0.18921318277529292
29 57 0.18356005572216544
30 57 0.1867985010328736
31 57 0.1238180284491325
32 57 0.08166524764448682
33 57 0.15967170801606093
34 57 0.19025192885292264
35 57 0.052451337118763264
36 57 0.2227880377454426
37 57 0.14487574491963215
38 57 0.09195185947503676
39 57 0.04746227363833938
40 57 0.1687960579973499
41 57 0.8935622963297251
42 57 0.18856079500593315
43 57 0.1293610855123148
44 57 0.02901336331733967
45 57 0.017942312799806293
46 57 0.0019206344225686789
47 57 0.09816395750721221
48 57 0.9544173347869273
49 57 0.11148369901590957
50 57 0.1818976164778591
51 57 0.14071480591624
52 57 0.2240011565252674
53 57 0.19819235895519238
54 57 0.18941814915432692
55 57 0.7574123113531539
56 57 0.23868731725343903
0 58 0.049006375588533546
1 58 0.046997468787906754
2 58 0.1257508552391078
3 58 0.2149420444952167
4 58 0.01767510786542653
5 58 0.09852818639083763
6 58 0.13906089941368213
7 58 0.18238067036808694
8 58 0.22483072692810924
9 58 0.20094922058542444
10 58 0.22381517999107542
11 58 0.7697241153126807
12 58 0.1804312422508722
13 58 0.22406671212870238
14 58 0.19782584224710256
15 58 0.13698775615901823
16 58 0.037254800489967516
17 58 0.24043423782938583
18 58 0.19556137682623184
19 58 0.2374275118549901
20 58 0.19200725553884987
21 58 0.09114930073034327
22 58 0.22054505572400268
23 58 0.06571290851154662
24 58 0.01377172682385494
25 58 0.036559931595700756
26 58 0.23538820985084022
27 58 0.7762030767249565
28 58 0.23876785346540186
29 58 0.18904605003285943
30 58 0.21084159574698552
31 58 0.03450422006280812
32 58 0.1842525483362703
33 58 0.11813978283797102
34 58 0.2229813215165263
35 58 0.1281286146944078
36 58 0.0887565978388713
37 58 0.19592716168240648
38 58 0.0944122904323074
39 58 0.13008315397432174
40 58 0.044995816664604615
41 58 0.11561976315044051
42 58 0.18598026904786188
43 58 0.05692288486123173
44 58 0.19785576233525068
45 58 0.013574429199684962
46 58 0.09200809492266407
47 58 0.04398189195563376
48 58 0.9140956317353047
49 58 0.031227834865735438
50 58 0.24058454649089825
51 58 0.14235185058171845
52 58 0.09671199665570068
53 58 0.19055550558711304
54 58 0.08412779917948943
55 58 0.7704359365409614
56 58 0.0838464556040675
57 58 0.9281092079332509
0 59 0.2461420912605854
1 59 0.2416849942036012
2 59 0.19115059495489015
3 59 0.23704835666497692
4 59 0.11611649774226399
5 59 0.1903442701372629
6 59 0.01476242491923338
7 59 0.24457894624061619
8 59 0.17462050965532724
9 59 0.214201848137631
10 59 0.24888876948605232
11 59 0.025142094660208725
12 59 0.19582632702890743
13 59 0.12996881287937492
14 59 0.1478851601386637
15 59 0.16783327343376186
16 59 0.18174362065864613
17 59 0.037991157196210545
18 59 0.13322418561375418
19 59 0.04107812768418173
20 59 0.06172481476505873
21 59 0.2081238748529334
22 59 0.11570441624872146
23 59 0.17700693031978357
24 59 0.1578826068302481
25 59 0.03720569477813351
26 59 0.0887393511103659
27 59 0.16612431319298038
28 59 0.19778085340918725
29 59 0.21332791390589653
30 59 0.023285144951447873
31 59 0.0005122501550950675
32 59 0.05961426501415101
33 59 0.2384858156741174
34 59 0.10335424340134419
35 59 0.2130735391044878
36 59 0.09267042290938332
37 59 0.13045194003915767
38 59 0.18425485287164384
39 59 0.01275562946923961
40 59 0.08495564061553271
41 59 0.06640824864696504
42 59 0.05914933465525865
43 59 0.0833814201713198
44 59 0.18059522813693127
45 59 0.07808152804275062
46 59 0.08821627259901604
47 59 0.052208759366910024
48 59 0.8151252394564951
49 59 0.1372359915867712
50 59 0.09209709204974137
51 59 0.025898594742383957
52 59 0.16444389432477322
53 59 0.020485960542951848
54 59 0.11154959211910703
55 59 0.9140971227342638
56 59 0.24485071147287643
57 59 0.8124367408122328
58 59 0.8684577875148791
0 60 0.06700681913467055
1 60 0.06706324528689622
2 60 0.18192424654513292
3 60 0.037681284493421785
4 60 0.21781333899672
5 60 0.10913260224157806
6 60 0.08650939298176952
7 60 0.24538559367060445
8 60 0.1871616459897177
9 60 0.04614936365103314
10 60 0.07219900148008351
11 60 0.24595173433567138
12 60 0.1854456149949245
13 60 0.005006463501484759
14 60 0.007271869540747988
15 60 0.11130830924518781
16 60 0.23644725297704963
17 60 0.0900934472823895
18 60 0.16880212345022574
19 60 0.16684727727736895
20 60 0.23037764970179667
21 60 0.24812988925975277
22 60 0.08186713184422928
23 60 0.16275558727707184
24 60 0.07688626982689284
25 60 0.12120289744970278
26 60 0.1193347226293357
27 60 0.02087847835669207
28 60 0.15477213174763318
29 60 0.10309498620947588
30 60 0.2414029918557116
31 60 0.22330451950262373
32 60 0.03539368829818379
33 60 0.023485793033509977
34 60 0.19091110314828236
35 60 0.05172719459929517
36 60 0.03151364281656499
37 60 0.23716790676283048
38 60 0.09194492697723144
39 60 0.04039191985212029
40 60 0.14274219536559926
41 60 0.1795461625870141
42 60 0.16698874653372095
43 60 0.22943921777384815
44 60 0.04809569944610734
45 60 0.1212210147197462
46 60 0.2050868384712888
47 60 0.19075629618791665
48 60 0.7928520866210222
49 60 0.11535314797770399
50 60 0.09711828957918725
51 60 0.18034137885164475
52 60 0.019604005862011747
53 60 0.15769974936353431
54 60 0.04764438323518408
55 60 0.030146784823567474
56 60 0.008146569366256406
57 60 0.22680895083498984
58 60 0.9913390717492087
59 60 0.9070598539181164
0 61 0.08860503498157585
1 61 0.06949510340782525
2 61 0.003175888682852235
3 61 0.18135441741795796
4 61 0.043881247621915864
5 61 0.054197756940031955
6 61 0.1736849117514948
7 61 0.22089012384121992
8 61 0.20087082677201093
9 61 0.1669535289916784
10 61 0.19899721999058145
11 61 0.2340076315511842
12 61 0.04294472102273647
13 61 0.2378625712848224
14 61 0.22371528089898524
15 61 0.0808348001095966
16 61 0.1997281465393046
17 61 0.00913605454700353
18 61 0.08712657922514169
19 61 0.17735641681926384
20 61 0.1150617538258859
21 61 0.17884058035417472
22 61 0.12225392399475876
23 61 0.04982485764143618
24 61 0.21603248456924062
25 61 0.039648212028223356
26 61 0.15415416209524307
27 61 0.05378573879930232
28 61 0.24806305722309127
29 61 0.09939151545936178
30 61 0.1383796981771693
31 61 0.06941800146156521
32 61 0.24288280664317827
33 61 0.22618753397032487
34 61 0.20143061951306776
35 61 0.1346247390745877
36 61 0.21558073097796418
37 61 0.15900570581078183
38 61 0.14443835402286923
39 61 0.20405776430425016
40 61 0.18630270068430432
41 61 0.0440293549496501
42 61 0.06657647235049444
43 61 0.21263208475793322
44 61 0.16299182722161665
45 61 0.18092396708837158
46 61 0.1287030243004986
47 61 0.0693761234777234
48 61 0.7658971949393523
49 61 0.06381754790432212
50 61 0.22082563289322735
51 61 0.18300562607521342
52 61 0.22408758353337707
53 61 0.15560183606859712
54 61 0.09440046474439309
55 61 0.8010047183978972
56 61 0.19883241492807882
57 61 0.9030659936269754
58 61 0.7552729263870197
59 61 0.8291396515332468
60 61 0.8229173767550892
0 62 0.20516661828203078
1 62 0.029237502864086135
2 62 0.2426800024254188
3 62 0.047060758341956305
4 62 0.08706611679125575
5 62 0.09538456367133966
6 62 0.16606981666251663
7 62 0.17316382395021482
8 62 0.2343015492922923
9 62 0.061065793883701674
10 62 0.03172534272783317
11 62 0.21037918636140837
12 62 0.21463341603617878
13 62 0.1687232975088001
14 62 0.12427939035913915
15 62 0.1411685251611146
16 62 0.12235426608414612
17 62 0.02150702378681274
18 62 0.20689762890950772
19 62 0.23797677698712771
20 62 0.19068356219220348
21 62 0.0021821095804220314
22 62 0.17035542359128877
23 62 0.24817279000416595
24 62 0.24847933340647732
25 62 0.035245328128548886
26 62 0.17942070454349043
27 62 0.08877266034125894
28 62 0.15808253544377524
29 62 0.021924496499864665
30 62 0.08837972693810933
31 62 0.16207439216886196
32 62 0.07579089718971815
33 62 0.10730868395677556
34 62 0.04872432181033157
35 62 0.1246929947559744
36 62 0.16509728772566742
37 62 0.07597396436074424
38 62 0.23386145062179461
39 62 0.18445993784870116
40 62 0.06494957962575326
41 62 0.8854794677309878
42 62 0.12424844938374963
43 62 0.023668013198863025
44 62 0.009851433022757372
45 62 0.19167873698328916
46 62 0.17870462606408383
47 62 0.02674112807909723
48 62 0.9636146170038846
49 62 0.15996987388252323
50 62 0.15543874611838693
51 62 0.12088036360254892
52 62 0.13481033355860775
53 62 0.02953144762397711
54 62 0.08780714441477769
55 62 0.8456332228875982
56 62 0.17462448753074536
57 62 0.7629037455467762
58 62 0.8845564475957284
59 62 0.9273685728823209
60 62 0.8945638400453791
61 62 0.9220203556572047
0 63 0.2290096790293374
1 63 0.21525163103165654
2 63 0.15696211599047663
3 63 0.19421989662497072
4 63 0.035679922290490274
5 63 0.24181419322022943
6 63 0.2092155689643739
7 63 0.1309915171450871
8 63 0.09403586503183262
9 63 0.18961863721649547
10 63 0.18074525939741656
11 63 0.1853810689096155
12 63 0.06206279492311803
13 63 0.10069041859274508
14 63 0.05738525693416724
15 63 0.16315027586637368
16 63 0.01584272357574043
17 63 0.07811515332375055
18 63 0.09583640981723382
19 63 0.21820476785801587
20 63 0.11475081450262042
21 63 0.17742123232310056
22 63 0.017007770846239056
23 63 0.13089853720994812
24 63 0.21169101760018924
25 63 0.1230458084974019
26 63 0.12003796769895383
27 63 0.22689679482850134
28 63 0.07977593206661426
29 63 0.12982170913314123
30 63 0.2163747180295496
31 63 0.1445655124120915
32 63 0.22168899958905225
33 63 0.22411219632139298
34 63 0.08163307154465332
35 63 0.1848949988077699
36 63 0.15809185823861815
37 63 0.01410390174630069
38 63 0.1791482513606055
39 63 0.12120131432742481
40 63 0.038727235704272944
41 63 0.16370556849442786
42 63 0.17909985995689692
43 63 0.11669059885561653
44 63 0.08710615677126937
45 63 0.004256257948301423
46 63 0.08453903081528191
47 63 0.12840856001622244
48 63 0.8150902473842165
49 63 0.19879084095823596
50 63 0.10435542418957833
51 63 0.22937368525316681
52 63 0.022293546013750998
53 63 0.05106690784508147
54 63 0.020636596601248863
55 63 0.7943387534333249
56 63 0.15120819319946652
57 63 0.9243713762557799
58 63 0.978548243023525
59 63 0.9391287703476348
60 63 0.9326493017901671
61 63 0.9485576044280241
62 63 0.9920363731438965
0 64 0.2451007670459301
1 64 0.22276994827328392
2 64 0.07829585252360444
3 64 0.06093687297451705
4 64 0.06221813793916328
5 64 0.07510934192881183
6 64 0.06916143364276245
7 64 0.12341838593382548
8 64 0.1431282972868181
9 64 0.12462720749562203
10 64 0.03927813290799739
11 64 0.9164907310113363
12 64 0.07031339069224979
13 64 0.022938451574657875
14 64 0.03910152771123884
15 64 0.09313244635040743
16 64 0.12340691207570481
17 64 0.0909872103186935
18 64 0.14019615304953517
19 64 0.12372140460528769
20 64 0.12579736708259612
21 64 0.21082006732955114
22 64 0.24927998225630071
23 64 0.047420725091517124
24 64 0.1494050299380384
25 64 0.08484375825304977
26 64 0.03234269213098956
27 64 0.22567282330824212
28 64 0.18019634544883065
29 64 0.15297289619673352
30 64 0.19079460204082455
31 64 0.0286152911430122
32 64 0.07722029249095538
33 64 0.04178472642047806
34 64 0.23395044120568298
35 64 0.0900497916930762
36 64 0.021698415640374447
37 64 0.20322961853830668
38 64 0.16695145119188365
39 64 0.05191270569698084
40 64 0.19610899254012853
41 64 0.23528704593036612
42 64 0.1312470052537776
43 64 0.22656151789311862
44 64 0.20577861940869616
45 64 0.14531728213814626
46 64 0.13790931567248826
47 64 0.13684433082940786
48 64 0.7707843115319402
49 64 0.22411923660330285
50 64 0.2334296561887257
51 64 0.11737815663738035
52 64 0.025329347920334006
53 64 0.23697265930962214
54 64 0.1975020240611646
55 64 0.8655523872784847
56 64 0.15074806326094434
57 64 0.9875139687418821
58 64 0.9895839456945092
59 64 0.8103499764270505
60 64 0.7546266836881935
61 64 0.8162914049812363
62 64 0.7813338170538828
63 64 0.836421377772423
0 65 0.03031124184530562
1 65 0.2454039455586888
2 65 0.12876510181350595
3 65 0.18981116315148305
4 65 0.013296278413586993
5 65 0.19846105140755402
6 65 0.14721127302980452
7 65 0.0475852440759271
8 65 0.14812617834233696
9 65 0.16052019469602702
10 65 0.11404591081170193
11 65 0.0095328057650782
12 65 0.11151209104772672
13 65 0.06594945687261411
14 65 0.1840892054637977
15 65 0.17164291183204564
16 65 0.2062620370237768
17 65 0.20255793086862675
18 65 0.24442304114567825
19 65 0.165514338238954
20 65 0.21028179055480092
21 65 0.013120721517220296
22 65 0.2350179258101957
23 65 0.20952738223431042
24 65 0.1736378654145406
25 65 0.08872412009947517
26 65 0.2371642745374886
27 65 0.03690235334828551
28 65 0.05560569029469348
29 65 0.03887016993363268
30 65 0.20901448835016612
31 65 0.01284309235474207
32 65 0.20917753782699777
33 65 0.010549628631759761
34 65 0.048625681318006736
35 65 0.06045830815496386
36 65 0.05567502358663928
37 65 0.22590179781395814
38 65 0.166949039213938
39 65 0.11325054343417668
40 65 0.21233906130994826
41 65 0.17698947417169517
42 65 0.014355629472754289
43 65 0.22059609637296787
44 65 0.18454274578692323
45 65 0.14196453515357413
46 65 0.17933223050322547
47 65 0.18447504808953724
48 65 0.8865521911193183
49 65 0.02621376726367247
50 65 0.13958577663652402
51 65 0.23340173942655973
52 65 0.19127566566703097
53 65 0.012070941226543674
54 65 0.11614851531174625
55 65 0.8870742256591693
56 65 0.03879222495250734
57 65 0.8182503643386476
58 65 0.8980005508404718
59 65 0.9987673177406846
60 65 0.8971715760296397
61 65 0.8116796594670679
62 65 0.969819057423168
63 65 0.8688833165737904
64 65 0.8852435429224559
0 66 0.21222390937176008
1 66 0.01889261477572729
2 66 0.2337180958654173
3 66 0.23293407403496932
4 66 0.22073172524603063
5 66 0.055642367465944226
6 66 0.1635485448420802
7 66 0.21072331031682057
8 66 0.10459210932839108
9 66 0.015570797838571432
10 66 0.023234564376087563
11 66 0.23714934463108311
12 66 0.03862402978088347
13 66 0.0317951554456086
14 66 0.24925518377896297
15 66 0.2264582194371508
16 66 0.11269368083181469
17 66 0.24112392330633275
18 66 0.06767413661101299
19 66 0.12320409813705732
20 66 0.08841475154215028
21 66 0.24037185955036125
22 66 0.026721403890597045
23 66 0.22086665393741747
24 66 0.03023499993912168
25 66 0.14235462840101537
26 66 0.16493800200048664
27 66 0.041087934976341445
28 66 0.1218531605312631
29 66 0.07901546468993631
30 66 0.06373131355994874
31 66 0.1488025597597022
32 66 0.0024954335539432715
33 66 0.03597868668391571
34 66 0.1050874673276308
35 66 0.0557196835387562
36 66 0.13050483223597867
37 66 0.17213775579574167
38 66 0.15020218518002748
39 66 0.23274821575210916
40 66 0.17626606671959985
41 66 0.10914371825480026
42 66 0.19636306729169248
43 66 0.12419229507913818
44 66 0.059760405019446766
45 66 0.22865633940659388
46 66 0.1385002636444154
47 66 0.19888898897441187
48 66 0.974888880667789
49 66 0.05658751652743635
50 66 0.1657405818047534
51 66 0.22764606388648076
52 66 0.05370894004441709
53 66 0.18370641277989538
54 66 0.13232361434379478
55 66 0.143238627927469
56 66 0.1643829643525445
57 66 0.01135773386417463
58 66 0.9596545902425281
59 66 0.9808895598944817
60 66 0.7962544837053148
61 66 0.9029272916923037
62 66 0.9728966856592529
63 66 0.9617211813916543
64 66 0.9392071966492187
65 66 0.9321809871408844
0 67 0.11846102713515877
1 67 0.10742866928081496
2 67 0.12268055103750544
3 67 0.04954930231503113
4 67 0.09745330145628475
5 67 0.015950097567425492
6 67 0.17024117803530509
7 67 0.07836725704014791
8 67 0.18883325455294878
9 67 0.11859367408448182
10 67 0.19345166253520973
11 67 0.24359574233794404
12 67 0.09378077995160014
13 67 0.18255633796414514
14 67 0.007395100447680714
15 67 0.1765404114828807
16 67 0.17932977493886626
17 67 0.04338278554271599
18 67 0.07316472905823121
19 67 0.05965938448558136
20 67 0.2482469587262042
21 67 0.012345686293810942
22 67 0.1455736656657294
23 67 0.24614470811833225
24 67 0.12199855442284682
25 67 0.08070812181421202
26 67 0.22260874157462002
27 67 0.1517753615325179
28 67 0.11992445374043717
29 67 0.24035540358752658
30 67 0.11805320473659933
31 67 0.10566409869787691
32 67 0.18581682022415785
33 67 0.0827059321839233
34 67 0.0029926732951452706
35 67 0.08305061643837544
36 67 0.17100030041439981
37 67 0.24790098127265006
38 67 0.14737401287553786
39 67 0.17373763892813318
40 67 0.14909531242053753
41 67 0.049650122626177545
42 67 0.21125751526811967
43 67 0.11607555282507243
44 67 0.1416024127758139
45 67 0.1555204973803981
46 67 0.2448920261929155
47 67 0.13010343634275906
48 67 0.10243055964216052
49 67 0.021824649565919008
50 67 0.07836700461559845
51 67 0.045717569784561596
52 67 0.13395104463612992
53 67 0.14552296119958816
54 67 0.06882915848293747
55 67 0.2326000396434966
56 67 0.1486208665679528
57 67 0.8356504204386206
58 67 0.13498408541461146
59 67 0.09700301277412993
60 67 0.0379853498778758
61 67 0.11566416594483847
62 67 0.16700088479963562
63 67 0.17682617088172087
64 67 0.03500467908886948
65 67 0.05709430569024232
66 67 0.1078159131148915
0 68 0.030956178667466222
1 68 0.09106635311285496
2 68 0.22360300402977518
3 68 0.19004704399183914
4 68 0.005539754045613854
5 68 0.16124312924732745
6 68 0.2451509729380752
7 68 0.17276560354347054
8 68 0.12905523794426568
9 68 0.11855008780977278
10 68 0.22854860639164784
11 68 0.9253985446964343
12 68 0.1749041174054717
13 68 0.17425339945184942
14 68 0.11982234545338608
15 68 0.18561413458346834
16 68 0.0351806216212536
17 68 0.2498544661567729
18 68 0.006617334195105462
19 68 0.08785287052703655
20 68 0.06827152551344368
21 68 0.24374566168605832
22 68 0.1485605393671556
23 68 0.22038280672005015
24 68 0.9106767140392963
25 68 0.9869119628681202
26 68 0.02959171544024783
27 68 0.8487547708784278
28 68 0.2187568974177846
29 68 0.18696706431722737
30 68 0.011546039449420231
31 68 0.09361898452324954
32 68 0.16671308038352364
33 68 0.00565728533207302
34 68 0.1061456411163274
35 68 0.1887045908066113
36 68 0.10964441035306136
37 68 0.035087232420314196
38 68 0.10470203810686302
39 68 0.015819424943070426
40 68 0.16599908463351562
41 68 0.8567867459090214
42 68 0.1052072589460197
43 68 0.22348113009379036
44 68 0.23603969308419703
45 68 0.04690403654126374
46 68 0.1918072834465435
47 68 0.07145555351166485
48 68 0.859277738727867
49 68 0.21080741881124854
50 68 0.024024040748949482
51 68 0.03120538101223244
52 68 0.001881050532515055
53 68 0.2207452773903028
54 68 0.1054509530678579
55 68 0.21552738605503305
56 68 0.09303897165217395
57 68 0.22468854291041807
58 68 0.11293982811112682
59 68 0.1592982196448893
60 68 0.204725642962234
61 68 0.06736709206371302
62 68 0.030928511567097527
63 68 0.2409467544850348
64 68 0.23903092437691703
65 68 0.20456611495423893
66 68 0.22515174952144665
67 68 0.0621146139351019
0 69 0.05728457137702317
1 69 0.1106916373900941
2 69 0.1715162934844824
3 69 0.018779589644997374
4 69 0.13832102689491085
5 69 0.18665542038440744
6 69 0.17572505193319074
7 69 0.07532952096778411
8 69 0.15001392311978193
9 69 0.09228182049445433
10 69 0.023062906853523357
11 69 0.7507778114565229
12 69 0.12733044488843134
13 69 0.07602191548423631
14 69 0.19024154630283832
15 69 0.23496919688318854
16 69 0.096362194555523
17 69 0.06180485936070501
18 69 0.22038855400225366
19 69 0.20379593037308233
20 69 0.11165730373999877
21 69 0.2096272182256315
22 69 0.16596007441325622
23 69 0.037107271882488274
24 69 0.9807925063080803
25 69 0.9535478359533294
26 69 0.13592026694205597
27 69 0.9914485444513463
28 69 0.061883135070612216
29 69 0.12002861228053213
30 69 0.2098150590990008
31 69 0.21914619764663668
32 69 0.14663472208837675
33 69 0.12460641073457573
34 69 0.05493058524373301
35 69 0.1773601890956066
36 69 0.07809076396349693
37 69 0.20433798762085587
38 69 0.24885280255542683
39 69 0.10485234982182057
40 69 0.1260868839088404
41 69 0.8959035809813056
42 69 0.15481389445276622
43 69 0.175016295760967
44 69 0.14040277023690978
45 69 0.18526660429941536
46 69 0.06138910974252679
47 69 0.1637032773064136
48 69 0.9220160044571282
49 69 0.1988612151260931
50 69 0.14342262543363368
51 69 0.24789604144675917
52 69 0.21360691885138594
53 69 0.17302887687867122
54 69 0.09696505090285112
55 69 0.09590995583574513
56 69 0.21855556069560336
57 69 0.2075349617318647
58 69 0.07340095699049748
59 69 0.015591692179997119
60 69 0.1559587933636161
61 69 0.22496763274536252
62 69 0.10672314278742165
63 69 0.1734158892902453
64 69 0.18819751078757274
65 69 0.1315588337468422
66 69 0.002817702616080192
67 69 0.029418053722646165
68 69 0.9226981321635407
0 70 0.19691676244707598
1 70 0.11374398488183216
2 70 0.1691262013848786
3 70 0.22589861945041265
4 70 0.008765454340042111
5 70 0.17811872502153359
6 70 0.027179617717705967
7 70 0.18226535881871497
8 70 0.2158397196983486
9 70 0.17387356928226524
10 70 0.007302935175096531
11 70 0.9929236457931288
12 70 0.01061186424033922
13 70 0.10914630067629735
14 70 0.09040394788506326
15 70 0.19727856076552464
16 70 0.015549164597003923
17 70 0.05366345995757202
18 70 0.06557585285364029
19 70 0.1405809507114002
20 70 0.23854997617273305
21 70 0.16301178010018755
22 70 0.2110023860963457
23 70 0.12895159615588672
24 70 0.9394034851205582
25 70 0.9981285449079786
26 70 0.12104249406054318
27 70 0.892664604853507
28 70 0.18755675918251885
29 70 0.005554380129075942
30 70 0.019857805876573376
31 70 0.11671347429687043
32 70 0.1542083248818249
33 70 0.08490271043916198
34 70 0.20806359091831972
35 70 0.2382349675232229
36 70 0.03476846314028323
37 70 0.016748567990544277
38 70 0.13788548624426705
39 70 0.15134431150388794
40 70 0.16314804131892324
41 70 0.9544894118559804
42 70 0.2409292122216015
43 70 0.039602770039755764
44 70 0.23006315014578613
45 70 0.05359171365784554
46 70 0.09874698434965057
47 70 0.16892768939736566
48 70 0.04258764565525622
49 70 0.02801553753092831
50 70 0.1901097877559197
51 70 0.22948563127723404
52 70 0.1025311744582231
53 70 0.03269564855670637
54 70 0.06775291399061636
55 70 0.12207162502341584
56 70 0.2001097786445117
57 70 0.12005699147851123
58 70 0.917854973658575
59 70 0.016449868780040455
60 70 0.13298718909236207
61 70 0.23614955705735396
62 70 0.01823641952679994
63 70 0.07404485743151384
64 70 0.0648978027737444
65 70 0.058992982229372715
66 70 0.14356207660985265
67 70 0.00786864929444292
68 70 0.9043570833635287
69 70 0.9260093658217349
0 71 0.12817965710045012
1 71 0.2286064571791246
2 71 0.18920097865988691
3 71 0.12185750033113818
4 71 0.24098384115443386
5 71 0.10249833086438917
6 71 0.08524854418606892
7 71 0.04177005492839178
8 71 0.10312102916877067
9 71 0.037316970202092486
10 71 0.018252559237615873
11 71 0.9289601414384482
12 71 0.1674497089024819
13 71 0.03889448168248735
14 71 0.1676405948896674
15 71 0.15174935446336177
16 71 0.20491118769215677
17 71 0.13835970436979833
18 71 0.12620361003980787
19 71 0.1376792869461122
20 71 0.007833460325976926
21 71 0.04483005136964327
22 71 0.15501027799310763
23 71 0.09876250675057446
24 71 0.13818058796690694
25 71 0.9603181618597738
26 71 0.10117423308415105
27 71 0.8015248226233276
28 71 0.001279030499933942
29 71 0.04781695936201874
30 71 0.16144229567855123
31 71 0.1436852402983496
32 71 0.11634736615580182
33 71 0.20262661245564284
34 71 0.10511556928882254
35 71 0.1773286890327261
36 71 0.14487705006157112
37 71 0.09144416892539506
38 71 0.1928504876238209
39 71 0.17913862873700762
40 71 0.04657866405132993
41 71 0.8409172342525044
42 71 0.12871836265607825
43 71 0.007438263377799487
44 71 0.12964892585399018
45 71 0.08462986394229449
46 71 0.16749483919524882
47 71 0.19200009890348693
48 71 0.8965848496291406
49 71 0.14128733406054514
50 71 0.16442041029719415
51 71 0.18904096260226635
52 71 0.11324586045094295
53 71 0.015559324638483252
54 71 0.1762585319322759
55 71 0.22049355951897337
56 71 0.07431718753790853
57 71 0.2439298856546329
58 71 0.12140856191356658
59 71 0.0762088394147234
60 71 0.092186604164572
61 71 0.04450046027239901
62 71 0.18628216851038776
63 71 0.216287987248727
64 71 0.15858486214286857
65 71 0.1459927587019324
66 71 0.09403713380417708
67 71 0.12563421905177377
68 71 0.8707041217381895
69 71 0.9280697234710603
70 71 0.9847544569742528
0 72 0.1714223986156316
1 72 0.23489283932243687
2 72 0.2384065818051505
3 72 0.22621112261980378
4 72 0.14374721915752256
5 72 0.07227339777637051
6 72 0.2458666952463194
7 72 0.12270132237054754
8 72 0.09479862928845109
9 72 0.24317113353391803
10 72 0.056909918924289093
11 72 0.8110377590144093
12 72 0.15456453807987372
13 72 0.013198206411669272
14 72 0.22735744975898506
15 72 0.21703652829876896
16 72 0.061489894603997675
17 72 0.024270502333973903
18 72 0.06082359199769505
19 72 0.041939159740482346
20 72 0.14233961923460212
21 72 0.10182231681722412
22 72 0.027212587740664845
23 72 0.18847175961486615
24 72 0.05165055851095249
25 72 0.14326088933322698
26 72 0.8887870473988386
27 72 0.8787538391463444
28 72 6.623904770278188e-05
29 72 0.04713865129658859
30 72 0.015819132544486747
31 72 0.09909299866935939
32 72 0.23892532774666175
33 72 0.10041924633812602
34 72 0.00988592782938022
35 72 0.11914460823457107
36 72 0.10121076446546104
37 72 0.044678083999890095
38 72 0.02981788785261355
39 72 0.1744496065120587
40 72 0.17310662069152627
41 72 0.06722364960816837
42 72 0.18417653422041624
43 72 0.018517617316496843
44 72 0.07413587509104647
45 72 0.22398892112030716
46 72 0.23758784827221935
47 72 0.08573770313505757
48 72 0.11540447368672613
49 72 0.1249805149411474
50 72 0.04452051090039255
51 72 0.13682830809144705
52 72 0.19709642105792544
53 72 0.01681217848924685
54 72 0.0027617164757382517
55 72 0.03708807830197364
56 72 0.22433749425754446
57 72 0.039019067747030345
58 72 0.12115160814660303
59 72 0.09261763328859932
60 72 0.003944826701733933
61 72 0.13236496966891928
62 72 0.10831094683699014
63 72 0.18107319976249894
64 72 0.03858339111079612
65 72 0.1999094289381848
66 72 0.19891292595015372
67 72 0.13323899878565218
68 72 0.006894504615502978
69 72 0.005877950515866509
70 72 0.24516932098388655
71 72 0.23827485273948343
0 73 0.012575735762762968
1 73 0.06824035178074486
2 73 0.2123771005003284
3 73 0.16501219390317143
4 73 0.06705960108200851
5 73 0.21133670285365166
6 73 0.1061524858602789
7 73 0.010385159740552957
8 73 0.1907185828387984
9 73 0.17163257264223772
10 73 0.24740712449107652
11 73 0.061820320295262576
12 73 0.1924621942302296
13 73 0.04016908122616378
14 73 0.13829908527651258
15 73 0.09081461148536396
16 73 0.18312151657170103
17 73 0.21450702809538316
18 73 0.24847016888601567
19 73 0.19360480666113974
20 73 0.11005105689263509
21 73 0.04798536977953921
22 73 0.03826078558754664
23 73 0.14984195054011823
24 73 0.24514690021715344
25 73 0.13247073281805122
26 73 0.10098671338467416
27 73 0.09536502699965169
28 73 0.20398717258669075
29 73 0.19383951458937132
30 73 0.1535076991823604
31 73 0.19950440641629683
32 73 0.1492802385505273
33 73 0.2456235836998784
34 73 0.1616039121231645
35 73 0.023128883331606814
36 73 0.02186372821693172
37 73 0.09813429553738193
38 73 0.03060232099500293
39 73 0.21391161528169514
40 73 0.2480262625188162
41 73 0.12902559843156888
42 73 0.038243501755448855
43 73 0.2219870478184182
44 73 0.14997797879651925
45 73 0.043130937875860004
46 73 0.24103969085530746
47 73 0.19670778722300963
48 73 0.8888611475125558
49 73 0.19830739388425034
50 73 0.13124498328119685
51 73 0.2395213807894885
52 73 0.053799447014361096
53 73 0.22995821367418878
54 73 0.07431227494491258
55 73 0.18899764187141727
56 73 0.24342145205073865
57 73 0.03549168122553337
58 73 0.04660081916408307
59 73 0.10162534913751392
60 73 0.2477443528034101
61 73 0.15495460936364802
62 73 0.10905624194984043
63 73 0.17241716304584612
64 73 0.10841895922123859
65 73 0.10061877695565147
66 73 0.23786200979526617
67 73 0.05680279792009024
68 73 0.11034545609331459
69 73 0.22364605437591306
70 73 0.1412860440156914
71 73 0.096575848389239
72 73 0.04032225193424499
0 74 0.16240771734923784
1 74 0.02674022555910402
2 74 0.011619429960719102
3 74 0.14329423412861672
4 74 0.0791143658058995
5 74 0.14872654283794676
6 74 0.08577641600105135
7 74 0.10190339744435234
8 74 0.11797525762546773
9 74 0.03444661729096721
10 74 0.06787004435308738
11 74 0.043504350297023237
12 74 0.13243042691428616
13 74 0.1999705884004379
14 74 0.14810095663546657
15 74 0.23559743362772287
16 74 0.059613119962836
17 74 0.1398939570435545
18 74 0.18132259497488284
19 74 0.1904725648394924
20 74 0.20887220173348248
21 74 0.20040742637455533
22 74 0.23914160474548252
23 74 0.22702930175301672
24 74 0.11947185198311758
25 74 0.12365947335544605
26 74 0.13353326295738266
27 74 0.09086558050050614
28 74 0.23771547809392346
29 74 0.05723110129053999
30 74 0.1858491066636089
31 74 0.16323148219173342
32 74 0.06504653148198677
33 74 0.20610982170709288
34 74 0.03937859065693608
35 74 0.1060418114961342
36 74 0.21061178253977147
37 74 0.046832497529231604
38 74 0.24081780505786587
39 74 0.16738330185107023
40 74 0.02429008872124422
41 74 0.042445067387871266
42 74 0.1528107996578932
43 74 0.07361660596848543
44 74 0.0675168591775846
45 74 0.17190351522724495
46 74 0.12386599508933016
47 74 0.017698747778131546
48 74 0.950674305340341
49 74 0.20259395582749895
50 74 0.1318267472581022
51 74 0.04673663435445169
52 74 0.12298718640286352
53 74 0.1336798164838067
54 74 0.002888077639715325
55 74 0.19928916031557
56 74 0.23211281817147306
57 74 0.0424956777100958
58 74 0.18972392481268527
59 74 0.2032359832317111
60 74 0.07935625802036286
61 74 0.23234895739059883
62 74 0.030693077415153674
63 74 0.11552349876591309
64 74 0.11972907718441997
65 74 0.16510194584326812
66 74 0.19651700496780491
67 74 0.2454460614564869
68 74 0.08136878225922639
69 74 0.03464400812567375
70 74 0.17876478668089502
71 74 0.0013684498907513554
72 74 0.09603806915567509
73 74 0.9798040885856739
0 75 0.005284652239912979
1 75 0.17041433111979648
2 75 0.1794312786930856
3 75 0.06134198751566447
4 75 0.2243329394695702
5 75 0.23112459831230808
6 75 0.05374210052596601
7 75 0.15673270472650824
8 75 0.2190203696748167
9 75 0.11482043783671556
10 75 0.15434390967816897
11 75 0.23432125786953784
12 75 0.21383448499416507
13 75 0.02368773562554069
14 75 0.026110859496234096
15 75 0.0025342336310531233
16 75 0.15560136803605618
17 75 0.16957079469561173
18 75 0.134043336808968
19 75 0.12965469409990382
20 75 0.2438784134962696
21 75 0.17026612601113966
22 75 0.1817034980190853
23 75 0.05375297750913724
24 75 0.04280886873944109
25 75 0.8999784735616057
26 75 0.16094520987053415
27 75 0.21170981392820432
28 75 0.1911585609486119
29 75 0.21267215659745037
30 75 0.061317386088700576
31 75 0.0414331071492951
32 75 0.16542400205725996
33 75 0.23563165911024805
34 75 0.1839950081889
35 75 0.11639837733037364
36 75 0.12376329948038753
37 75 0.2084829091003067
38 75 0.06849526131465627
39 75 0.027491404153772797
40 75 0.13546143305053718
41 75 0.9415327962525573
42 75 0.24257849502829573
43 75 0.24134637355098293
44 75 0.07119887260018212
45 75 0.09865209768733751
46 75 0.2199022496226918
47 75 0.00014925373464563796
48 75 0.7661330595438779
49 75 0.11810307303159595
50 75 0.2357227611061526
51 75 0.016344048904629788
52 75 0.10676321620976226
53 75 0.1822503796453225
54 75 0.16646198905184537
55 75 0.14279538811844192
56 75 0.03663573442184531
57 75 0.050700382751258766
58 75 0.05715163854727445
59 75 0.2479563185349364
60 75 0.12765121542956515
61 75 0.15356050631877868
62 75 0.0939978141755288
63 75 0.11873260033986
64 75 0.22212761771150263
65 75 0.016753694092899923
66 75 0.12739053096786374
67 75 0.21808414798864412
68 75 0.9873965902826384
69 75 0.9974305933488797
70 75 0.7532989547806637
71 75 0.8155753883012935
72 75 0.18251722242131357
73 75 0.24994048717559628
74 75 0.07824787129240754
