77
0 1 0.9626009619189183
0 2 0.899795868996745
1 2 0.9008605524401161
0 3 0.8831090435225926
1 3 0.9051164344629087
2 3 0.8508263910935162
0 4 0.9639536753236162
1 4 0.9922636591223047
2 4 0.8800008500715083
3 4 0.8796163247350837
0 5 0.9516969388647906
1 5 0.9980583515615327
2 5 0.8920154601499926
3 5 0.8859242680073988
4 5 0.9952688434106011
0 6 0.9582928650483505
1 6 0.9994838286386607
2 6 0.8873106819624987
3 6 0.8773382533312154
4 6 0.9926410326546684
5 6 0.9899948558189511
0 7 0.9594087956826145
1 7 0.9943009630938952
2 7 0.8809095110001353
3 7 0.8972326560141283
4 7 0.9885102220188897
5 7 0.9928577430468717
6 7 0.9932580307415122
0 8 0.948521528227819
1 8 0.982349639531319
2 8 0.8792214183289495
3 8 0.8724625314359875
4 8 0.9917221958870741
5 8 0.9841699541616276
6 8 0.9857693442257873
7 8 0.9855929048330175
0 9 0.9601972990043575
1 9 1.0
2 9 0.8923443001158082
3 9 0.9057712707977008
4 9 0.9928361839707279
5 9 0.9917737689312733
6 9 0.9901709804000792
7 9 0.9953928616818302
8 9 0.9823698476223007
0 10 0.5030059427742462
1 10 0.5150610328154364
2 10 0.5530552081981025
3 10 0.5764037663501699
4 10 0.5038112375353315
5 10 0.46860818448928165
6 10 0.48760298920277395
7 10 0.5276077625808128
8 10 0.5004923883567068
9 10 0.4938399870059464
0 11 0.5312828891325928
1 11 0.5414294419565192
2 11 0.6054690849992519
3 11 0.5835130687555108
4 11 0.5423017284165464
5 11 0.5159871095722569
6 11 0.5409034374599866
7 11 0.5445135842714773
8 11 0.5465037731771938
9 11 0.5469221575449942
10 11 0.6214659042596004
0 12 0.3687199000261809
1 12 0.3514511389627875
2 12 0.390587207528453
3 12 0.3876528940683879
4 12 0.338668904992986
5 12 0.3272535945313614
6 12 0.3363049825790182
7 12 0.3552976186098603
8 12 0.3594546176756839
9 12 0.3689294201544653
10 12 0.6052147803460401
11 12 0.4605917114244403
0 13 0.5702528988537342
1 13 0.6022243027140801
2 13 0.5820344412711028
3 13 0.6393917261414935
4 13 0.5824772745559881
5 13 0.5597607520125771
6 13 0.5798393328589276
7 13 0.6028680854596831
8 13 0.5807611086611772
9 13 0.5995124492893907
10 13 0.9236115347288556
11 13 0.7325136970481586
12 13 0.642522918956143
0 14 0.541042353075506
1 14 0.5446737341694777
2 14 0.5968331257965233
3 14 0.610353092901144
4 14 0.5331598747538874
5 14 0.5066491232073957
6 14 0.5216627233580456
7 14 0.5500307763455313
8 14 0.5611946947378689
9 14 0.5439869137841462
10 14 0.9275413258117986
11 14 0.6816242506683989
12 14 0.6900484987310225
13 14 0.9223924361294561
0 15 0.48843267848168276
1 15 0.5279602485142426
2 15 0.5575608269975788
3 15 0.5930864173310795
4 15 0.48834315424524066
5 15 0.48162586450506567
6 15 0.49438009190339377
7 15 0.5089462309496304
8 15 0.5095036801004609
9 15 0.48882453489658934
10 15 0.882262161484348
11 15 0.7126599821089198
12 15 0.6760245172699597
13 15 0.9245507409071893
14 15 0.9319746572910056
0 16 0.17683483182703713
1 16 0.14308390770673635
2 16 0.14527583837549995
3 16 0.1481267653051759
4 16 0.17627846750216797
5 16 0.18897226461124908
6 16 0.12427730278833517
7 16 0.17035426409382554
8 16 0.1954633487114131
9 16 0.16349863751689056
10 16 0.16953223917529298
11 16 0.17890033655706025
12 16 0.5928254197513503
13 16 0.13420311163544033
14 16 0.25714504640311037
15 16 0.18863780090064972
0 17 0.18525171838769935
1 17 0.16054874728589721
2 17 0.15906673820915537
3 17 0.1506822307206975
4 17 0.18862111660541983
5 17 0.2001919067141152
6 17 0.16002269825292428
7 17 0.18119051456024773
8 17 0.21847757385420263
9 17 0.18381651401574123
10 17 0.1692709537812133
11 17 0.16109565325228195
12 17 0.6434886264336964
13 17 0.1487561438473256
14 17 0.27455480784792263
15 17 0.21319689720315435
16 17 0.9427900208206055
0 18 0.20718006998345576
1 18 0.18542380306232786
2 18 0.20618727488484356
3 18 0.18984353635746937
4 18 0.20317148826569886
5 18 0.2291877952909676
6 18 0.18022535314346638
7 18 0.196784719837397
8 18 0.23031483770365463
9 18 0.20116280837644288
10 18 0.16744716742373397
11 18 0.15257329959801808
12 18 0.6754093822568383
13 18 0.17046939290287344
14 18 0.2804251446778319
15 18 0.22082912073643238
16 18 0.9416020417136979
17 18 0.9598184370327039
0 19 0.18814005999393332
1 19 0.1776474107111873
2 19 0.1568376845439534
3 19 0.2086944669200258
4 19 0.19933302079579052
5 19 0.21053775487854515
6 19 0.16914626214185768
7 19 0.18876956373611203
8 19 0.21672222256415646
9 19 0.20615618030980332
10 19 0.1609170838651401
11 19 0.19841882408177217
12 19 0.6644830661097866
13 19 0.19123971797432532
14 19 0.29703978443370194
15 19 0.24256766551618575
16 19 0.9305423576759659
17 19 0.9707320278528462
18 19 0.9715088021837558
0 20 0.16927219259745796
1 20 0.14829615303695548
2 20 0.1805637490166345
3 20 0.16516864690057895
4 20 0.17031861744468504
5 20 0.18854489485734943
6 20 0.14626506994448513
7 20 0.15146606013124303
8 20 0.18601267249205064
9 20 0.17461048044295363
10 20 0.15630831545774085
11 20 0.15470677559687218
12 20 0.6652851292980653
13 20 0.16478637226249104
14 20 0.26833753978382485
15 20 0.22196941270627654
16 20 0.9300387648755157
17 20 0.9681397463533272
18 20 0.9673939174368207
19 20 0.974111792597896
0 21 0.18790928026952636
1 21 0.17349504756090295
2 21 0.1808984806796616
3 21 0.19678392001570086
4 21 0.20476574690028188
5 21 0.2113829415118879
6 21 0.17368496153607815
7 21 0.19409807353386702
8 21 0.22321100887002762
9 21 0.20070554733479015
10 21 0.2210867894136816
11 21 0.13117771066571368
12 21 0.6565049029513798
13 21 0.18361951427277673
14 21 0.3018833643113455
15 21 0.20733144094469527
16 21 0.9433076063887811
17 21 0.975679034522569
18 21 0.9701390502011821
19 21 0.9696435474632511
20 21 0.9662996611418389
0 22 0.17103976783635094
1 22 0.15848685909424176
2 22 0.17866766277785565
3 22 0.13175058162421333
4 22 0.1678457887294361
5 22 0.17677329342355022
6 22 0.1543707228496636
7 22 0.1687650695446621
8 22 0.1798046675849753
9 22 0.17724036510252716
10 22 0.17941167363469002
11 22 0.18763132249054215
12 22 0.6739980112229111
13 22 0.19608686992150726
14 22 0.3064881519924462
15 22 0.23836486237882876
16 22 0.9185144497042358
17 22 0.9333342754213887
18 22 0.9514005209046131
19 22 0.9652167374420547
20 22 0.9541072346766714
21 22 0.9426605102514211
0 23 0.22326709462324923
1 23 0.21929583260955737
2 23 0.2516379090827852
3 23 0.2652795592014536
4 23 0.21825891816561574
5 23 0.2437173779268192
6 23 0.23022603402635947
7 23 0.2245530623096148
8 23 0.21546303174356754
9 23 0.23262444116323397
10 23 0.34160942997591176
11 23 0.3557662522270358
12 23 0.6359305768182423
13 23 0.29999337933973313
14 23 0.40399255107988236
15 23 0.3474196257318229
16 23 0.7587950238648673
17 23 0.7968250538219873
18 23 0.799031532254615
19 23 0.8245389765741814
20 23 0.8307258052185774
21 23 0.8290201801571442
22 23 0.8232320423146319
0 24 0.16675313832422914
1 24 0.14606780965750266
2 24 0.207117972394718
3 24 0.2083292563483896
4 24 0.15044719248180097
5 24 0.1951512505788811
6 24 0.1742872249726897
7 24 0.18572753827823715
8 24 0.17093765313598513
9 24 0.16469283476655347
10 24 0.3238449946896159
11 24 0.3064040574781133
12 24 0.37080549648336136
13 24 0.3117564580556496
14 24 0.29979764008692456
15 24 0.2906655806816558
16 24 0.31401958441995853
17 24 0.36333898457265307
18 24 0.3817371472121528
19 24 0.3405044550477103
20 24 0.3528712293851576
21 24 0.3533601987374352
22 24 0.36061997934355466
23 24 0.3879166033676333
0 25 0.169585274396229
1 25 0.1542589507038967
2 25 0.19721094338261114
3 25 0.15406577436384253
4 25 0.20939077292692562
5 25 0.1598602115843158
6 25 0.17579278637900608
7 25 0.1603544031640434
8 25 0.18643819510212148
9 25 0.16040794106281084
10 25 0.2574336684087987
11 25 0.32640327964172133
12 25 0.3694455718555834
13 25 0.2720652774864084
14 25 0.2884087892544158
15 25 0.23952353493245668
16 25 0.30549275324260444
17 25 0.2673150755433552
18 25 0.2982200629548308
19 25 0.3418037331325974
20 25 0.3099638934811808
21 25 0.300094339488888
22 25 0.3272219775685143
23 25 0.3419452962251461
24 25 0.5724740324944849
0 26 0.2494457446390049
1 26 0.22780227297816324
2 26 0.2575818743896713
3 26 0.250850380739725
4 26 0.2702285875512335
5 26 0.26768389214413507
6 26 0.2249250462641185
7 26 0.2263217076597894
8 26 0.2370579691694532
9 26 0.25574823782622297
10 26 0.3351721929807041
11 26 0.43151715310293004
12 26 0.34841302712622596
13 26 0.4003670677094615
14 26 0.33034074510054534
15 26 0.30190007208146635
16 26 0.48595943005066156
17 26 0.41474279825118604
18 26 0.4684808907169974
19 26 0.4785917117516697
20 26 0.43990211071785085
21 26 0.47553583820382334
22 26 0.4694784315172385
23 26 0.4113149308325351
24 26 0.4183483743854056
25 26 0.38509769392512755
0 27 0.22464047957391112
1 27 0.22367278179951441
2 27 0.29745408166682313
3 27 0.27704229742425923
4 27 0.1985101656504582
5 27 0.2083347436473393
6 27 0.2596301792659179
7 27 0.2303677534242469
8 27 0.234433550459563
9 27 0.21341263188212817
10 27 0.42201662344552615
11 27 0.4918580367215132
12 27 0.40587705768711735
13 27 0.39130025455629536
14 27 0.4447319178539881
15 27 0.42073686415422484
16 27 0.3444235791845214
17 27 0.30371275240926954
18 27 0.36239808115271016
19 27 0.34025906813881346
20 27 0.3463786119732183
21 27 0.33762490287955
22 27 0.34464868479756955
23 27 0.4289084738474842
24 27 0.5003263229575067
25 27 0.4267334932475217
26 27 0.5266195943874383
0 28 0.332164454095727
1 28 0.3307733431155714
2 28 0.37312507342713863
3 28 0.3526705861981211
4 28 0.3240575396087471
5 28 0.309523336066342
6 28 0.37061445816588157
7 28 0.37447756726324866
8 28 0.3583917118612629
9 28 0.35158142982995405
10 28 0.47729663306088344
11 28 0.48024604720739256
12 28 0.3315513840808154
13 28 0.48368385524328084
14 28 0.4499921162624966
15 28 0.47900120917396816
16 28 0.13188353800055239
17 28 0.1664094133199308
18 28 0.13136407129684127
19 28 0.17614707198738197
20 28 0.1987537351303777
21 28 0.1473734315523753
22 28 0.13895488239377213
23 28 0.20774245594113652
24 28 0.22935770066964653
25 28 0.21511001394184937
26 28 0.22946422941936379
27 28 0.44330891086231106
0 29 0.2881420258463969
1 29 0.28631870920216135
2 29 0.3258866296254949
3 29 0.3055963992836731
4 29 0.29957900042967006
5 29 0.3075647963910013
6 29 0.29816738241070495
7 29 0.329204530908281
8 29 0.3052372820642038
9 29 0.3221455404536188
10 29 0.5055978173297492
11 29 0.534674742248584
12 29 0.5456880858145369
13 29 0.5260330064222922
14 29 0.5511079004325623
15 29 0.540678226379117
16 29 0.3683233912709709
17 29 0.41489536644264063
18 29 0.3716840100849948
19 29 0.38894440612839476
20 29 0.3683400238265365
21 29 0.4012026657800998
22 29 0.3688000586026107
23 29 0.4749419230478468
24 29 0.25991197624441675
25 29 0.23727528912870713
26 29 0.2603419748880892
27 29 0.3331408363747959
28 29 0.3773254771678167
0 30 0.2476411677847468
1 30 0.2580505221156136
2 30 0.21462717555604158
3 30 0.24869922339715006
4 30 0.22865816657027951
5 30 0.24603218070438734
6 30 0.26062977799246684
7 30 0.24026093543944285
8 30 0.20840074460666333
9 30 0.2525627317782408
10 30 0.26516488577544284
11 30 0.3146884608419126
12 30 0.6420043063505786
13 30 0.22413301803770994
14 30 0.337634681756808
15 30 0.3477663616575289
16 30 0.5663301391966051
17 30 0.6262922502062576
18 30 0.6058949029779995
19 30 0.6265652613261691
20 30 0.6277344072194122
21 30 0.5908208988407064
22 30 0.6111484417644657
23 30 0.7399623254317061
24 30 0.3466301198938401
25 30 0.2821304998778328
26 30 0.2711785915574883
27 30 0.46829339670175557
28 30 0.20842559167906427
29 30 0.4006634775778567
0 31 0.3067524765530783
1 31 0.33791515513912296
2 31 0.32027568602201767
3 31 0.33779752078643643
4 31 0.2888711370756226
5 31 0.29553578006576076
6 31 0.33479456760755083
7 31 0.3203763154004083
8 31 0.2688341601699719
9 31 0.3370284618959558
10 31 0.367461912937438
11 31 0.4019344148104071
12 31 0.7162050751427742
13 31 0.3774791381384036
14 31 0.3772609375850361
15 31 0.44609956898380276
16 31 0.49875005204743184
17 31 0.539390869842143
18 31 0.5497000213936285
19 31 0.5681409414177655
20 31 0.5748628659756598
21 31 0.5324815108227423
22 31 0.5667926518981586
23 31 0.7305250471164204
24 31 0.35942037231773744
25 31 0.3336508497415585
26 31 0.31937897506442897
27 31 0.4575897255405935
28 31 0.30907566798751734
29 31 0.4237462984731492
30 31 0.7538776646276474
0 32 0.5156873463582027
1 32 0.535511011854128
2 32 0.559411773226348
3 32 0.6315923739653455
4 32 0.5195441728907433
5 32 0.5072585076722212
6 32 0.5179740706859451
7 32 0.542592986655072
8 32 0.543892473927929
9 32 0.5173519347525407
10 32 0.9327034950259504
11 32 0.644494694505765
12 32 0.6480492308942042
13 32 0.9097134392213236
14 32 0.9368183829349386
15 32 0.9441919958440387
16 32 0.21059766027921625
17 32 0.24849367431921487
18 32 0.23353508882685825
19 32 0.2507272371107704
20 32 0.22913859344017443
21 32 0.26480681145492163
22 32 0.21631629392081092
23 32 0.3690220781452241
24 32 0.2847878366478413
25 32 0.26727387176209155
26 32 0.32381471907360526
27 32 0.43785842698830585
28 32 0.49872457538148113
29 32 0.5891892783159474
30 32 0.3318983633867668
31 32 0.3918738225516189
0 33 0.4121791806789222
1 33 0.41374625455789393
2 33 0.4430125604170208
3 33 0.45227623742519474
4 33 0.35102632384829285
5 33 0.4042575653863597
6 33 0.3960516632370172
7 33 0.3942293739186069
8 33 0.41388366224883705
9 33 0.4091232109479145
10 33 0.5473784956770801
11 33 0.5840538796528845
12 33 0.42534663876611184
13 33 0.6013669553532566
14 33 0.5549272964232415
15 33 0.6197825322582375
16 33 0.1878455236693126
17 33 0.20723487814507036
18 33 0.2206293327249384
19 33 0.26292355713164806
20 33 0.24772376594425333
21 33 0.2123990435064502
22 33 0.20031079689959755
23 33 0.3893453776715373
24 33 0.4423962652761807
25 33 0.3721296746712508
26 33 0.5344451681983479
27 33 0.596509999974908
28 33 0.5813744287613223
29 33 0.4823877341115461
30 33 0.3607493450942496
31 33 0.44789891123941056
32 33 0.5980496631476847
0 34 0.3882654602713467
1 34 0.4182022572546336
2 34 0.41529517771171737
3 34 0.411541644708922
4 34 0.4232618448716443
5 34 0.43672428470871955
6 34 0.43688591507512164
7 34 0.4431719792731034
8 34 0.41178289061447637
9 34 0.4443083972091663
10 34 0.5618997903589097
11 34 0.5374463119396333
12 34 0.45976129919996667
13 34 0.5999405574276705
14 34 0.6015882564587914
15 34 0.5611356835816502
16 34 0.24156133218304596
17 34 0.2758961522259606
18 34 0.27001436882889335
19 34 0.2676020218171505
20 34 0.2747637559946836
21 34 0.30212161934968335
22 34 0.2642050415645185
23 34 0.4043486471177812
24 34 0.2046689513853391
25 34 0.13653310993929968
26 34 0.19113497491091816
27 34 0.2948165441624622
28 34 0.3781579720896089
29 34 0.9264755597316957
30 34 0.3187884945191472
31 34 0.35644376544830886
32 34 0.6129509408469658
33 34 0.4206165216929076
0 35 0.3340687849754372
1 35 0.35537950557355863
2 35 0.3465514977925943
3 35 0.3739704301688658
4 35 0.37258196601040666
5 35 0.3587186714144382
6 35 0.3732799725373875
7 35 0.3901439026942523
8 35 0.3683354203419628
9 35 0.3812144396800731
10 35 0.5745191359841358
11 35 0.5417899121647056
12 35 0.4448487688053213
13 35 0.5870120644771679
14 35 0.6015333990152498
15 35 0.539091317393325
16 35 0.22154893732647268
17 35 0.2711660998998532
18 35 0.25533248722356267
19 35 0.2688469710781584
20 35 0.23600299240965822
21 35 0.28761228913603887
22 35 0.22269917170996775
23 35 0.36237380031317873
24 35 0.15765177238323927
25 35 0.17619558795618778
26 35 0.2286903405653311
27 35 0.29872247734325774
28 35 0.3879486579023238
29 35 0.9136611003645511
30 35 0.2888888962009414
31 35 0.3182765552989746
32 35 0.6364532423813284
33 35 0.39431079248762757
34 35 0.9425674436381845
0 36 0.3591826506642131
1 36 0.37818241355447035
2 36 0.3850890506211433
3 36 0.397961431007954
4 36 0.37758717692319993
5 36 0.3787499996030291
6 36 0.36435823831348685
7 36 0.39205785854995584
8 36 0.35913026770680767
9 36 0.3972563066031509
10 36 0.5816255161516367
11 36 0.5172452364774548
12 36 0.47063450706912496
13 36 0.5618236131599417
14 36 0.6042827420868222
15 36 0.5572135379709175
16 36 0.2755239101843024
17 36 0.282468822154546
18 36 0.2728754707954667
19 36 0.2546270224392233
20 36 0.24613301419149433
21 36 0.2956086637557059
22 36 0.23838289309054936
23 36 0.3976830584560831
24 36 0.15701321830780435
25 36 0.1336313273851936
26 36 0.2153619478347451
27 36 0.28965874718734197
28 36 0.32693635539177174
29 36 0.9226526331457923
30 36 0.3162708370713915
31 36 0.36151057208742066
32 36 0.6213140818706814
33 36 0.40248034785280845
34 36 0.9355566096016432
35 36 0.9283369271389914
0 37 0.35126096599822076
1 37 0.35740442660267757
2 37 0.40465055854556403
3 37 0.38322941319286935
4 37 0.37368839907455537
5 37 0.3735353007477586
6 37 0.3638599794723552
7 37 0.3971584975040076
8 37 0.3571991941911104
9 37 0.39399631182454864
10 37 0.5601963536382094
11 37 0.516820948485473
12 37 0.46880469537239605
13 37 0.5815249191001441
14 37 0.6158348098536489
15 37 0.5297291555589266
16 37 0.2706502588122833
17 37 0.3049515807529627
18 37 0.2883636109986545
19 37 0.28071418258767544
20 37 0.2726727708184868
21 37 0.3240641600519388
22 37 0.2710444133008473
23 37 0.4092641920047305
24 37 0.21761479291244076
25 37 0.15522087599829182
26 37 0.2065612190143351
27 37 0.3260750348183517
28 37 0.35968428616583836
29 37 0.9424449330220465
30 37 0.2999898599864808
31 37 0.35224976013265197
32 37 0.6031540596456362
33 37 0.3649267191188046
34 37 0.9343577901003441
35 37 0.9215786064130052
36 37 0.9320280319474097
0 38 0.32887032683711986
1 38 0.3476359239915481
2 38 0.3477491665160816
3 38 0.35228415258402546
4 38 0.36366132792662476
5 38 0.36164671263381215
6 38 0.3369073886166243
7 38 0.37677020858518423
8 38 0.3364362221187805
9 38 0.3649059259424194
10 38 0.5791168774661946
11 38 0.5157515973737232
12 38 0.4529685664524521
13 38 0.5793751849740922
14 38 0.5974889536435105
15 38 0.5480680673439093
16 38 0.2677887847052018
17 38 0.29000997162975956
18 38 0.28290227146315855
19 38 0.29451229122532663
20 38 0.273659933036307
21 38 0.29657030698490816
22 38 0.2663111345102077
23 38 0.3834137549619964
24 38 0.22248858779157762
25 38 0.1606121166920648
26 38 0.22317665742974468
27 38 0.3536046730067181
28 38 0.3772532435693275
29 38 0.9059162144173031
30 38 0.29877301154522107
31 38 0.33205215998151266
32 38 0.6075574605308258
33 38 0.3924250503526742
34 38 0.9291658667073999
35 38 0.9063423116936475
36 38 0.9058676084309693
37 38 0.9460906619607954
0 39 0.10154384944964748
1 39 0.10260115453279925
2 39 0.11605399502467635
3 39 0.11858497142755621
4 39 0.1432097032802648
5 39 0.12713326674500355
6 39 0.11380452026633425
7 39 0.16448206210423308
8 39 0.12134893124875767
9 39 0.13540213801116607
10 39 0.18318718965395514
11 39 0.21586600796260808
12 39 0.13519305294118686
13 39 0.22166081553881542
14 39 0.21263895349674553
15 39 0.12494148881931215
16 39 0.2164913852616012
17 39 0.19188016440152578
18 39 0.1431093307560727
19 39 0.205455447615288
20 39 0.16342743316189348
21 39 0.18862764609843274
22 39 0.17208111055075279
23 39 0.1641712353897396
24 39 0.29039391133734943
25 39 0.535665413003575
26 39 0.3941492802452231
27 39 0.21551237714416524
28 39 0.15463445582627258
29 39 0.13816581884299683
30 39 0.1285345313919952
31 39 0.12384732381778775
32 39 0.17404246407015156
33 39 0.21341062177871065
34 39 0.1129455015765802
35 39 0.1396200924605104
36 39 0.1234831316571143
37 39 0.14916710857897406
38 39 0.11474350866585607
0 40 0.17571639576592865
1 40 0.11556523511289508
2 40 0.15732635834735098
3 40 0.153332726202137
4 40 0.14178132167939794
5 40 0.11996008515149134
6 40 0.19134499675453748
7 40 0.1621154216912306
8 40 0.15557084630755785
9 40 0.1553666778645465
10 40 0.16515438884972172
11 40 0.19410518166087648
12 40 0.29302069037180545
13 40 0.18883053698496796
14 40 0.23138869971167708
15 40 0.1008834050449673
16 40 0.20617167867351682
17 40 0.23988584027354315
18 40 0.22882553512178705
19 40 0.25061835721383624
20 40 0.26500030769390337
21 40 0.26167797493754213
22 40 0.27088635178506526
23 40 0.31442082447763675
24 40 0.5161640067958024
25 40 0.5730872265837174
26 40 0.2820519942942068
27 40 0.39601236641697984
28 40 0.17157973358467546
29 40 0.15773586521503014
30 40 0.20350829488754832
31 40 0.17289294250293855
32 40 0.18147940313702385
33 40 0.26477417079700255
34 40 0.14929830641575487
35 40 0.17402925913971168
36 40 0.13295359021347122
37 40 0.12691945491664233
38 40 0.12347264331311582
39 40 0.583915221621639
0 41 0.17392600295846197
1 41 0.1463754534223773
2 41 0.15598141581386954
3 41 0.16529146370478803
4 41 0.1970272468015171
5 41 0.17194714623172175
6 41 0.18671914832280462
7 41 0.13620946752019708
8 41 0.1902812292955646
9 41 0.15001333107646733
10 41 0.23756534948129138
11 41 0.24607124974640476
12 41 0.17743591508970757
13 41 0.22346483825792174
14 41 0.26402337494488615
15 41 0.18214004493136646
16 41 0.16195376371228315
17 41 0.1385777142233231
18 41 0.16026887712662816
19 41 0.16280196561934085
20 41 0.1733299627058188
21 41 0.16573668114751045
22 41 0.16763916441000662
23 41 0.1881218420285748
24 41 0.6395226899927909
25 41 0.7034411632391435
26 41 0.25997583020402193
27 41 0.393855868973267
28 41 0.1574138720120121
29 41 0.16173005377781272
30 41 0.16578636175939185
31 41 0.1575404278933329
32 41 0.205576405073343
33 41 0.31252821968234584
34 41 0.16641655576113976
35 41 0.16719046063799603
36 41 0.1399482561428282
37 41 0.1481381149909715
38 41 0.125026900564431
39 41 0.40268465711088003
40 41 0.5674688322985173
0 42 0.17638081778315673
1 42 0.1374607094200371
2 42 0.17195180848165745
3 42 0.18206258302287046
4 42 0.1495781978772399
5 42 0.16739320440791414
6 42 0.18620858871979507
7 42 0.1577916632478162
8 42 0.16780152765353132
9 42 0.14633633516634523
10 42 0.2011890389198207
11 42 0.2064224074968725
12 42 0.23620837459878882
13 42 0.18882610742362987
14 42 0.2514086635888553
15 42 0.1617016715735488
16 42 0.18597836059982967
17 42 0.1908129051482181
18 42 0.1886269908237176
19 42 0.22782607833601934
20 42 0.17995117413128436
21 42 0.20622722961688655
22 42 0.237007118682208
23 42 0.2733544267793293
24 42 0.6497801360359012
25 42 0.6414740711948896
26 42 0.2471722612046017
27 42 0.37594797108286593
28 42 0.1526814248350128
29 42 0.15018296469500475
30 42 0.18640006057955855
31 42 0.13844605086763992
32 42 0.18384423494565932
33 42 0.23410200104739778
34 42 0.14295400955453516
35 42 0.11702170005054718
36 42 0.0806110054566579
37 42 0.09428654493043895
38 42 0.11746176337036034
39 42 0.4581619496730335
40 42 0.6740764061212337
41 42 0.6777999534747453
0 43 0.387113547752679
1 43 0.37049279971110294
2 43 0.40556350790983214
3 43 0.363866036327476
4 43 0.3279858556058338
5 43 0.3642261990621488
6 43 0.3428268212025773
7 43 0.3534524605344214
8 43 0.34928032741418336
9 43 0.3509869883944289
10 43 0.4904195905177658
11 43 0.4480401303562462
12 43 0.35618642558306646
13 43 0.4845474659994904
14 43 0.5065005954441841
15 43 0.5500887109550651
16 43 0.3231937578114835
17 43 0.3051388059194211
18 43 0.3054979756244092
19 43 0.3317549834922459
20 43 0.33179237237097603
21 43 0.2905831979932872
22 43 0.3041467812326672
23 43 0.3295805168231329
24 43 0.4227132074457465
25 43 0.365690217737458
26 43 0.5930435041776899
27 43 0.5907592963926402
28 43 0.4785499293488433
29 43 0.37817015586184216
30 43 0.2661519100296211
31 43 0.38518792419004383
32 43 0.5484450704094288
33 43 0.791033950033955
34 43 0.3545000001738088
35 43 0.36254753056769773
36 43 0.37369637499833885
37 43 0.28812439903675185
38 43 0.3694794932675604
39 43 0.21514654221993754
40 43 0.28404272901794503
41 43 0.2681711560998527
42 43 0.22111817785491977
0 44 0.4087464778680194
1 44 0.39189125356009546
2 44 0.4721066544874719
3 44 0.4349190524744539
4 44 0.3962643861971669
5 44 0.344493912136054
6 44 0.4199427675139609
7 44 0.4394684806846574
8 44 0.41960043140634096
9 44 0.4176635142837916
10 44 0.6267257378542521
11 44 0.5698509709359236
12 44 0.3734222282341594
13 44 0.6223740174667838
14 44 0.601304449558066
15 44 0.616349434781891
16 44 0.1337477871080696
17 44 0.16015070339619575
18 44 0.15102646015467316
19 44 0.16818646970771595
20 44 0.1859087088594748
21 44 0.16940752066146877
22 44 0.13857670922807752
23 44 0.21344908513894076
24 44 0.2480457596682181
25 44 0.2335946385002862
26 44 0.2819477417524291
27 44 0.48676985873744755
28 44 0.8264863161063634
29 44 0.40692592783392817
30 44 0.23219055014562578
31 44 0.2975179014447508
32 44 0.6138510662680289
33 44 0.5314692384716595
34 44 0.4047686835022525
35 44 0.4175708987961732
36 44 0.35533565848354803
37 44 0.4119590750134128
38 44 0.41902973749743616
39 44 0.177929064413059
40 44 0.16477480160307226
41 44 0.1545258585633741
42 44 0.1037287286898495
43 44 0.46010056522538656
0 45 0.2856594736492936
1 45 0.2667121321354262
2 45 0.3138477387123604
3 45 0.295519353168668
4 45 0.2561731300004948
5 45 0.2137796217389482
6 45 0.3099203749399291
7 45 0.3087351719267845
8 45 0.30035551943772676
9 45 0.28411014366884724
10 45 0.4291241763583298
11 45 0.4163969068006519
12 45 0.24356619929376638
13 45 0.4141769163234556
14 45 0.4026258878331739
15 45 0.4344249072651091
16 45 0.154410437781238
17 45 0.15732939741725432
18 45 0.14309185945474495
19 45 0.17947228951862518
20 45 0.20153942484619286
21 45 0.16926929070149524
22 45 0.14261225135193517
23 45 0.21924376439640686
24 45 0.22668947263317626
25 45 0.20680007046063328
26 45 0.230675863296581
27 45 0.45525274736166826
28 45 0.8608229453303647
29 45 0.3491208105433288
30 45 0.19673034742037057
31 45 0.30566708516439217
32 45 0.4123677625486463
33 45 0.5270461601670858
34 45 0.3452758255464673
35 45 0.3359687192643962
36 45 0.2897259981479207
37 45 0.32162681514211316
38 45 0.34272375489336526
39 45 0.1585115846683677
40 45 0.20806787291212386
41 45 0.14260497158356922
42 45 0.14710010302779886
43 45 0.42941398824248295
44 45 0.9268643532335934
0 46 0.1266066128768063
1 46 0.14092300314454814
2 46 0.15682545247119387
3 46 0.13990818866337856
4 46 0.126563299587865
5 46 0.1431558520349166
6 46 0.137058063324044
7 46 0.15231845865120247
8 46 0.08969305790410143
9 46 0.12230878791115342
10 46 0.18514723699243715
11 46 0.14416407812907636
12 46 0.1139707469094897
13 46 0.15558341721987412
14 46 0.13982417371109493
15 46 0.2195829204081438
16 46 0.12376487807472876
17 46 0.050344408355173655
18 46 0.11466667590850495
19 46 0.08813535127581738
20 46 0.07878261117476765
21 46 0.08409701723201725
22 46 0.1339729827519051
23 46 0.1253808955407127
24 46 0.2755294544691203
25 46 0.3276652948552592
26 46 0.16783530844692268
27 46 0.242734255356491
28 46 0.1047348639181534
29 46 0.2099883917846702
30 46 0.05192404106369981
31 46 0.16250113966828855
32 46 0.16671466946933444
33 46 0.15635721390471985
34 46 0.15980638481826365
35 46 0.10444443113432886
36 46 0.19528909540740252
37 46 0.16917793435371137
38 46 0.1568516234129796
39 46 0.21104049113268145
40 46 0.21479325483779807
41 46 0.358884294592358
42 46 0.26595046331479716
43 46 0.1277857678388986
44 46 0.10831895677357994
45 46 0.1346312493595186
0 47 0.1481863697026853
1 47 0.13502829935603866
2 47 0.13602786181871343
3 47 0.14384778761053946
4 47 0.11856982383234138
5 47 0.1492996105167426
6 47 0.1354182644561105
7 47 0.13420627381034464
8 47 0.07662731170643627
9 47 0.09190356755794195
10 47 0.15241561825714015
11 47 0.17783059719193806
12 47 0.08857116849114115
13 47 0.16187233314009988
14 47 0.11977562097111312
15 47 0.23872723479251612
16 47 0.13365084333474792
17 47 0.04345718001467087
18 47 0.09958022411308537
19 47 0.10404276976112643
20 47 0.10798042441167216
21 47 0.06674615646465275
22 47 0.1443086064680948
23 47 0.16145042946831
24 47 0.2571641269756363
25 47 0.35685102271641594
26 47 0.15648831551673956
27 47 0.258497803876455
28 47 0.15083298365309142
29 47 0.20489111666575416
30 47 0.06850228454144702
31 47 0.1451524416900701
32 47 0.1941980349844877
33 47 0.18892561298488925
34 47 0.16339258831092426
35 47 0.11098482463097555
36 47 0.17307889296267157
37 47 0.16860706060495875
38 47 0.17752821871107688
39 47 0.19206305216011602
40 47 0.21371038083716853
41 47 0.3926700886692674
42 47 0.28753809687569004
43 47 0.17685509031815383
44 47 0.09009538981941151
45 47 0.1414542548735433
46 47 0.9302711129672554
0 48 0.16921945806763836
1 48 0.15253736453895508
2 48 0.18727426479448936
3 48 0.16133428649217976
4 48 0.16726380661402243
5 48 0.15285541675267642
6 48 0.16871900439759682
7 48 0.1695630471474144
8 48 0.1418202558923688
9 48 0.11670487807134654
10 48 0.26265246816971444
11 48 0.2669924399480176
12 48 0.14422887621581612
13 48 0.19645422613852961
14 48 0.1571405650418922
15 48 0.20456561808309046
16 48 0.13645886339759458
17 48 0.06842197083290336
18 48 0.11494820691664151
19 48 0.061315605109239585
20 48 0.08001179337924096
21 48 0.08804737780882883
22 48 0.10943679810726135
23 48 0.1355442082597175
24 48 0.34077232106657407
25 48 0.4103724295372258
26 48 0.19576466394850828
27 48 0.343356104401621
28 48 0.20081624919068997
29 48 0.17286218231639555
30 48 0.06915261843802752
31 48 0.13443521534663522
32 48 0.20963935549200163
33 48 0.2230340649404067
34 48 0.12341003455838351
35 48 0.07134941273178305
36 48 0.1435839464348195
37 48 0.11898339850725156
38 48 0.14704998665925517
39 48 0.30196031417415237
40 48 0.36298922521099963
41 48 0.516373368462286
42 48 0.3446632313167031
43 48 0.1855474763345876
44 48 0.17532274479137372
45 48 0.19309640646509255
46 48 0.67025422399563
47 48 0.6557961833835231
0 49 0.2083966088161115
1 49 0.2038397779631594
2 49 0.23813630531085953
3 49 0.1995780455200874
4 49 0.23626930779738023
5 49 0.26173838944382877
6 49 0.2076168507570037
7 49 0.239509145826458
8 49 0.18185820741199382
9 49 0.2336713021533792
10 49 0.32999260982775025
11 49 0.3313927021205412
12 49 0.22045134019910728
13 49 0.34723056150654624
14 49 0.312021217157147
15 49 0.2844834614910569
16 49 0.34054253152039177
17 49 0.21783509023469688
18 49 0.2523657292241165
19 49 0.24220519568176743
20 49 0.24144350129626924
21 49 0.23957136991915404
22 49 0.25090669386244446
23 49 0.19427694478843852
24 49 0.43859775434175974
25 49 0.3371289028804849
26 49 0.616310027135655
27 49 0.21051903730706237
28 49 0.18729309974371006
29 49 0.15269403569419077
30 49 0.14571557146671438
31 49 0.20313257619905348
32 49 0.2962487447102548
33 49 0.23197427438993326
34 49 0.1799947988919396
35 49 0.18258022186189146
36 49 0.2201460532828818
37 49 0.173973646378676
38 49 0.17357759459388153
39 49 0.42805205136635655
40 49 0.20917025652955054
41 49 0.26779316591385344
42 49 0.294951950777057
43 49 0.4986415557436835
44 49 0.22109652769050908
45 49 0.16437075133796658
46 49 0.1189678571578788
47 49 0.1345079715915214
48 49 0.17451709347035183
0 50 0.19250478999899082
1 50 0.2090590080710221
2 50 0.20445537010204198
3 50 0.199060455515719
4 50 0.22395368751493366
5 50 0.252462852423484
6 50 0.20258003520663143
7 50 0.21334004052546818
8 50 0.1642815110606048
9 50 0.2185743816236125
10 50 0.28295072918792924
11 50 0.24651330596744617
12 50 0.21486246494586977
13 50 0.28971956629964857
14 50 0.21189116950835024
15 50 0.22725532555438407
16 50 0.23798141622886892
17 50 0.24508642486668955
18 50 0.19992864738169466
19 50 0.24500017365829424
20 50 0.2524893293626077
21 50 0.24307229226769347
22 50 0.22687116342318153
23 50 0.2580301901382339
24 50 0.5095887821837762
25 50 0.39240614478072566
26 50 0.49679440069352293
27 50 0.24660750327982203
28 50 0.21260797848719162
29 50 0.17274664108396187
30 50 0.20704630132242047
31 50 0.22232995394053018
32 50 0.26980281783503396
33 50 0.25519516263518316
34 50 0.12858261331580875
35 50 0.16272776693597354
36 50 0.13674852132917156
37 50 0.1286572822084663
38 50 0.15726673261777976
39 50 0.23518566765977705
40 50 0.2932994176615491
41 50 0.4439638963865226
42 50 0.5407892744987625
43 50 0.39061464285795605
44 50 0.26891404922634304
45 50 0.18204254837457537
46 50 0.07009979926821323
47 50 0.10625488214858243
48 50 0.174209891057222
49 50 0.615450660060676
0 51 0.2361306255901405
1 51 0.20982547576196986
2 51 0.24364926057557776
3 51 0.22370587963707908
4 51 0.2549770972161193
5 51 0.2707475082051765
6 51 0.1906111658108658
7 51 0.2413682916771737
8 51 0.20650558208313807
9 51 0.20412262496536
10 51 0.30802041380980316
11 51 0.34258273487514723
12 51 0.18960937730607572
13 51 0.3603440146755293
14 51 0.2683797652450971
15 51 0.33598754803924474
16 51 0.30759123811664274
17 51 0.2354642451479471
18 51 0.23254090846278022
19 51 0.23302790004692636
20 51 0.23317335850152857
21 51 0.1960339068953067
22 51 0.1875955640339669
23 51 0.11799497838008992
24 51 0.27133485262446805
25 51 0.3413161160236993
26 51 0.5967946170626823
27 51 0.23317589625298943
28 51 0.18932936945306267
29 51 0.21100699795085195
30 51 0.16636790610484425
31 51 0.1274911625391527
32 51 0.31509894065994487
33 51 0.2942640537721147
34 51 0.17864221341383935
35 51 0.20292509039816434
36 51 0.18106284933183997
37 51 0.16553317124941114
38 51 0.18245799582043354
39 51 0.6553972362730794
40 51 0.14396454202532835
41 51 0.24526988208608003
42 51 0.2385717324763662
43 51 0.4413807202295974
44 51 0.2882144648103275
45 51 0.16716663914575217
46 51 0.09858106504423136
47 51 0.14424511918996083
48 51 0.19163000217139106
49 51 0.6725905185710418
50 51 0.4908107387382939
0 52 0.10229025147707582
1 52 0.10667740364780175
2 52 0.15098066121044318
3 52 0.09984748445138274
4 52 0.14897301324655216
5 52 0.11254908134420552
6 52 0.0875830827988016
7 52 0.14685064072148166
8 52 0.0743557837053484
9 52 0.07852303938981069
10 52 0.210056458199541
11 52 0.24826318090068458
12 52 0.13269362070834761
13 52 0.20110405220291036
14 52 0.17426099768297923
15 52 0.16097432588051583
16 52 0.2411555003846761
17 52 0.17716727738474208
18 52 0.17572824932458658
19 52 0.20835809784381412
20 52 0.15691868110682886
21 52 0.1513630529526594
22 52 0.17908409083312155
23 52 0.10624686446938124
24 52 0.24334597136133143
25 52 0.49944844578898623
26 52 0.4498957477295964
27 52 0.19212694224897808
28 52 0.17197589979683023
29 52 0.15603214021092401
30 52 0.1571766134299919
31 52 0.1216341336813106
32 52 0.16344886505295536
33 52 0.19025925535187171
34 52 0.08502452039820985
35 52 0.20127090230482242
36 52 0.1444364680063101
37 52 0.14200456913363785
38 52 0.1703468064029678
39 52 0.7572028174298884
40 52 0.39206765696529144
41 52 0.28085834924709413
42 52 0.32152561041091643
43 52 0.29512923145253595
44 52 0.19567433182746005
45 52 0.1819825499446255
46 52 0.14062874649124646
47 52 0.1504435630304641
48 52 0.20388237725207295
49 52 0.47185549602284
50 52 0.33794959778605294
51 52 0.7075382458012659
0 53 0.1850476419247125
1 53 0.18744890075633303
2 53 0.19696614055243222
3 53 0.2093177217948126
4 53 0.2147014280411664
5 53 0.20208305949257663
6 53 0.15694327150852141
7 53 0.2192908855448773
8 53 0.12821621881612205
9 53 0.1774889572033362
10 53 0.352985067729291
11 53 0.30422664352361223
12 53 0.14050322773605817
13 53 0.33540011029412176
14 53 0.2563285876277544
15 53 0.25904182817030696
16 53 0.28405710283964836
17 53 0.23935136559415904
18 53 0.1952654648582959
19 53 0.2204495795779461
20 53 0.1879053089808808
21 53 0.2138925070238584
22 53 0.21760035206239775
23 53 0.11791153789434979
24 53 0.27380050719402876
25 53 0.22573699741973896
26 53 0.594110155230461
27 53 0.17893221696386238
28 53 0.17956669299042788
29 53 0.19339311999206438
30 53 0.1362433375161747
31 53 0.13635195142213852
32 53 0.22376936861844202
33 53 0.247351075146028
34 53 0.15251563277615326
35 53 0.22378443608025467
36 53 0.21493190836436646
37 53 0.17869348337507704
38 53 0.1621263626649518
39 53 0.5799888493233983
40 53 0.13025211384098298
41 53 0.20720022828008192
42 53 0.1754739511698938
43 53 0.40309333452331236
44 53 0.24467145297187837
45 53 0.15592224066222835
46 53 0.12372435799732225
47 53 0.09658024673593045
48 53 0.16457454608046987
49 53 0.6058237825180307
50 53 0.43476526929635384
51 53 0.7828480205396672
52 53 0.7626212410479063
0 54 0.17022294432626908
1 54 0.17651207437834265
2 54 0.17305327189841488
3 54 0.16213962639898993
4 54 0.20607519238785846
5 54 0.20588111703737136
6 54 0.13281943617094963
7 54 0.20092424992542085
8 54 0.1280490476410454
9 54 0.16516253077173998
10 54 0.31557347919918616
11 54 0.30654237652471544
12 54 0.11566944228698216
13 54 0.2770585370673004
14 54 0.2460682954431167
15 54 0.2551338388405618
16 54 0.3936572427588588
17 54 0.28996570219088497
18 54 0.2510826105885724
19 54 0.26078792450406635
20 54 0.25817223764983804
21 54 0.260840960594898
22 54 0.27110863992594314
23 54 0.14581499238262224
24 54 0.3616475323551039
25 54 0.345998431653732
26 54 0.6315584335125196
27 54 0.26175401914319024
28 54 0.22000973352752
29 54 0.1741236347467856
30 54 0.140097992067085
31 54 0.13484806192296453
32 54 0.27487950644622217
33 54 0.2115383283536898
34 54 0.16929199579163026
35 54 0.21629035099866295
36 54 0.24854378122903373
37 54 0.1520600804005172
38 54 0.21006107257449455
39 54 0.5386208533850927
40 54 0.19052964508901357
41 54 0.2614862320843875
42 54 0.2543536992583305
43 54 0.5531320045426998
44 54 0.23276654930748814
45 54 0.17085089759484123
46 54 0.17410855487762802
47 54 0.18958079269275827
48 54 0.25956761586082233
49 54 0.7793536273588906
50 54 0.6034342966449059
51 54 0.7845604687403623
52 54 0.6834806778949089
53 54 0.8033930754874383
0 55 0.16698258930376111
1 55 0.14339476969235185
2 55 0.14864233651838876
3 55 0.10486674190814821
4 55 0.18469844345975933
5 55 0.1513207099412771
6 55 0.1353602698813928
7 55 0.16452815597894185
8 55 0.13528841420646293
9 55 0.11680730068736293
10 55 0.2559072094403926
11 55 0.2830652459519932
12 55 0.1738415031224946
13 55 0.23033646552168424
14 55 0.1853702894435491
15 55 0.18474079004400976
16 55 0.36854491893333463
17 55 0.300393051535817
18 55 0.2750460806585086
19 55 0.2792010869276032
20 55 0.26824558480344396
21 55 0.2817969101051927
22 55 0.27131362872889386
23 55 0.21540429538665218
24 55 0.29256281486285823
25 55 0.3675614756757815
26 55 0.45333856084670765
27 55 0.20307020417205385
28 55 0.13739595013144024
29 55 0.13379047138913355
30 55 0.1051898344769065
31 55 0.12014031138538149
32 55 0.1831308317230909
33 55 0.12303265727340887
34 55 0.07514826991585657
35 55 0.1445320202804677
36 55 0.13827786487016458
37 55 0.13333928482989676
38 55 0.12418722107028972
39 55 0.5240944221454183
40 55 0.33639199528362684
41 55 0.3407314780153187
42 55 0.29783459267898954
43 55 0.3021147599166346
44 55 0.13433021612532095
45 55 0.1389655484024618
46 55 0.3523336831852305
47 55 0.35799651082707135
48 55 0.5198145394750214
49 55 0.5768567159808102
50 55 0.3924251208164277
51 55 0.6427332970239794
52 55 0.6272529799470768
53 55 0.5399431755477125
54 55 0.6467484658720613
0 56 0.15812336650830155
1 56 0.15702215320042462
2 56 0.11480480489700863
3 56 0.11128522948330921
4 56 0.16683005989797364
5 56 0.16586276096683827
6 56 0.12577282329154177
7 56 0.15194918515920547
8 56 0.11571935094278793
9 56 0.1524757246357994
10 56 0.20920780693297586
11 56 0.24089182724836947
12 56 0.07081273745691488
13 56 0.25115097304579254
14 56 0.183243378834456
15 56 0.20377386879550388
16 56 0.27995201821601795
17 56 0.211639524781525
18 56 0.18265524609280603
19 56 0.18176965236886602
20 56 0.19245950365760975
21 56 0.18598935043628714
22 56 0.20555608725191143
23 56 0.08867684521971332
24 56 0.3069595450604865
25 56 0.25355406512921747
26 56 0.5545747114499429
27 56 0.13792717444210031
28 56 0.13350965700067347
29 56 0.087146883003561
30 56 0.06918190904717161
31 56 0.07954782902349775
32 56 0.23875583865299335
33 56 0.1338897457617223
34 56 0.091992136999939
35 56 0.14731298772037105
36 56 0.18032358954156702
37 56 0.08669631089429235
38 56 0.10407107257029193
39 56 0.5039197687801386
40 56 0.30005696159794043
41 56 0.311086738929967
42 56 0.24126420431808432
43 56 0.37593506851839653
44 56 0.18099476233499284
45 56 0.14833177931530878
46 56 0.19371544147941813
47 56 0.22836291432314682
48 56 0.26893446665202186
49 56 0.7039382968942185
50 56 0.6316597785599629
51 56 0.6491195095805303
52 56 0.5119561874612869
53 56 0.5420644484321104
54 56 0.8515761611273701
55 56 0.6206858106644885
0 57 0.1664392434420375
1 57 0.18487372268748684
2 57 0.10264136545835967
3 57 0.1457914158348329
4 57 0.1641073167735871
5 57 0.13990292782718278
6 57 0.15575709254487294
7 57 0.12328614820127473
8 57 0.16396771977527397
9 57 0.1352687156083168
10 57 0.17888994278423073
11 57 0.10925011201159741
12 57 0.08719828794696653
13 57 0.14771748985508948
14 57 0.15415037717669014
15 57 0.15835192012714386
16 57 0.17197808963301195
17 57 0.1352958139482133
18 57 0.13179540443061305
19 57 0.12497548803687737
20 57 0.10184592928365227
21 57 0.12717182616679928
22 57 0.10458678939702351
23 57 0.0700522593204001
24 57 0.2466313601689151
25 57 0.2921101540603661
26 57 0.16974587505990144
27 57 0.23191483357544623
28 57 0.13702863145937502
29 57 0.06569224987175543
30 57 0.07433416509316425
31 57 0.14254482935431856
32 57 0.12472428543519085
33 57 0.16127613640564642
34 57 0.04040650065835387
35 57 0.05047967509190694
36 57 0.09762137254882326
37 57 0.0992864239621873
38 57 0.07333609062940785
39 57 0.3434449764379505
40 57 0.20044755764609534
41 57 0.4505410448571395
42 57 0.34555850359556084
43 57 0.13764102144265966
44 57 0.05807658358654288
45 57 0.18083688246289048
46 57 0.43185771430241376
47 57 0.4296081450236523
48 57 0.6420239655994304
49 57 0.2161320109873861
50 57 0.14797453791553347
51 57 0.24706868462941176
52 57 0.2419053923347645
53 57 0.2378634973369309
54 57 0.28789351456480716
55 57 0.5827136196644936
56 57 0.3954627523554166
0 58 0.18330655898465964
1 58 0.19227236942247836
2 58 0.18063404039615855
3 58 0.21175100231916327
4 58 0.1582183047178198
5 58 0.17564023164730247
6 58 0.17643822554495536
7 58 0.17732903391008187
8 58 0.20054173489694505
9 58 0.14582638729279485
10 58 0.24412200577659554
11 58 0.22286729480968084
12 58 0.14317338085969974
13 58 0.1744638854331901
14 58 0.21014219817859822
15 58 0.22806163719707492
16 58 0.2097438104875052
17 58 0.17781493586040992
18 58 0.1752771141090614
19 58 0.12411391587584863
20 58 0.16496185004888592
21 58 0.1604086476330678
22 58 0.10354100589868111
23 58 0.1441793585429893
24 58 0.2535784413713738
25 58 0.2394598753266366
26 58 0.17560764258394843
27 58 0.31113511174258424
28 58 0.22765365575371602
29 58 0.1925181299210134
30 58 0.1169734627936572
31 58 0.16725964190131323
32 58 0.24786545164974375
33 58 0.30939338103910863
34 58 0.16954392544484284
35 58 0.15468673672692426
36 58 0.20643805837659618
37 58 0.171273110314948
38 58 0.14776856522722837
39 58 0.27436263180968556
40 58 0.20530729371219295
41 58 0.4401062009529835
42 58 0.2618254005888336
43 58 0.26258037054450983
44 58 0.18534455949097384
45 58 0.26553843847000036
46 58 0.46221705874079594
47 58 0.4871692913280118
48 58 0.7268511714246331
49 58 0.21521718265128933
50 58 0.1482100942960303
51 58 0.2398918542830158
52 58 0.2091641913349263
53 58 0.19477018831563445
54 58 0.2889627223037007
55 58 0.5659384314449223
56 58 0.3369377800408872
57 58 0.7726477391500676
0 59 0.18083210079433093
1 59 0.20305011540183565
2 59 0.16724463430655026
3 59 0.14245214819965035
4 59 0.1958163280869738
5 59 0.1852986212502605
6 59 0.1763096206165034
7 59 0.18000936783738009
8 59 0.18717488488037165
9 59 0.178822419078001
10 59 0.18080503801117853
11 59 0.1621393975772685
12 59 0.0582141093353285
13 59 0.17101693430558496
14 59 0.17491790246913383
15 59 0.14484569806658595
16 59 0.1754332039316321
17 59 0.13213997889931092
18 59 0.11951250981656752
19 59 0.11846356729293339
20 59 0.13135178859337818
21 59 0.11724418782517801
22 59 0.13519819303852973
23 59 0.047676323048717606
24 59 0.18159820543925764
25 59 0.2890120023639601
26 59 0.16711730635383942
27 59 0.19794869261200715
28 59 0.1487421081609718
29 59 0.07685920020905972
30 59 0.03340822359861491
31 59 0.007082467343269149
32 59 0.16472696783006113
33 59 0.1562141856499273
34 59 0.07367911098209358
35 59 0.06658362386244238
36 59 0.042173117308977555
37 59 0.1012444439255347
38 59 0.09205633725133315
39 59 0.36442049117889136
40 59 0.22979495423671786
41 59 0.42142184823693096
42 59 0.2816710171869011
43 59 0.18521031239885768
44 59 0.10504473054207315
45 59 0.1272395262134404
46 59 0.4555736437958609
47 59 0.47516017356300144
48 59 0.7177223671914049
49 59 0.23172447425188222
50 59 0.1845387227950904
51 59 0.26541641266705696
52 59 0.2901183228394499
53 59 0.2248015854654239
54 59 0.35288186909806935
55 59 0.6411208984735302
56 59 0.41473183519091195
57 59 0.8127486449846089
58 59 0.8520265096866723
0 60 0.20369257978704536
1 60 0.21225697803063262
2 60 0.1874341054348181
3 60 0.1936085090913883
4 60 0.18271761457606428
5 60 0.18386772239407823
6 60 0.17177078084215347
7 60 0.20610266774770106
8 60 0.22239065033658015
9 60 0.18756585938318923
10 60 0.24208137343199415
11 60 0.15894982466811444
12 60 0.08890193383469396
13 60 0.1940337083698745
14 60 0.18836981938456968
15 60 0.15026568598102716
16 60 0.1723968053213894
17 60 0.10429631465594745
18 60 0.12722526857645358
19 60 0.07898382356303607
20 60 0.11851832548092639
21 60 0.10733705125808081
22 60 0.09111311858279147
23 60 0.06521805279653695
24 60 0.17005527665734096
25 60 0.2386533303282197
26 60 0.15875042377767076
27 60 0.21378047107024875
28 60 0.17040102592030265
29 60 0.07601236505119942
30 60 0.025631356322825677
31 60 0.02846078298040813
32 60 0.17640539084521165
33 60 0.24095795161513373
34 60 0.05455518084789741
35 60 0.07591565865945485
36 60 0.09739861065566069
37 60 0.0803305821591847
38 60 0.057113059079169796
39 60 0.2893964287600343
40 60 0.18269867401374695
41 60 0.3662719081524552
42 60 0.25605789560890496
43 60 0.13456627438568122
44 60 0.12602846505965665
45 60 0.17619361651986928
46 60 0.4480265552989775
47 60 0.4226175996874918
48 60 0.6854049930785606
49 60 0.16644009825865383
50 60 0.13592751751975482
51 60 0.21881382505058372
52 60 0.2169995417099508
53 60 0.1961860211123667
54 60 0.26235784718303234
55 60 0.568938466131741
56 60 0.3152430894759318
57 60 0.7453442367980234
58 60 0.864547454680235
59 60 0.8688287919524252
0 61 0.14741607887948904
1 61 0.15791960731853374
2 61 0.09909500349227118
3 61 0.10359130480039178
4 61 0.1639546126278519
5 61 0.14525350190094544
6 61 0.15644175386461828
7 61 0.14662728086423585
8 61 0.17159743984695514
9 61 0.12780966533847626
10 61 0.1514445084186102
11 61 0.18388231246364972
12 61 0.06596387982125473
13 61 0.15238156858287089
14 61 0.1401893756867368
15 61 0.16832073344500564
16 61 0.1807704602339582
17 61 0.12214873562143835
18 61 0.10208008777724394
19 61 0.10035383258250924
20 61 0.11092329072023344
21 61 0.08298026017302736
22 61 0.0927928323630332
23 61 0.026065078472932574
24 61 0.15499049730466688
25 61 0.2664652669917228
26 61 0.1925923702012471
27 61 0.235908443118133
28 61 0.16455604843066446
29 61 0.050526660606331666
30 61 0.044015675463946795
31 61 0.07943660374332727
32 61 0.1527270103694019
33 61 0.20044149306207168
34 61 0.02129045926808746
35 61 0.025016363550755538
36 61 0.03776594643897341
37 61 0.028983247136124404
38 61 0.01981710329380162
39 61 0.39462068171777887
40 61 0.23521497723074333
41 61 0.47449954434379227
42 61 0.28607446958251437
43 61 0.16811760598255332
44 61 0.11085300153475573
45 61 0.17776808404537264
46 61 0.4796058886207843
47 61 0.5045832754083314
48 61 0.7255924845012691
49 61 0.25620821301230706
50 61 0.18137649771388428
51 61 0.2989478720296506
52 61 0.3073634002041042
53 61 0.2678400596151681
54 61 0.3218791613812593
55 61 0.6057108842432497
56 61 0.4083304817201324
57 61 0.8076450799241287
58 61 0.8906948318381648
59 61 0.9131747931191052
60 61 0.8721591045128779
0 62 0.1599594646308595
1 62 0.14617859360722912
2 62 0.1349742564973544
3 62 0.11101732872565857
4 62 0.15208540359633804
5 62 0.1390302531105785
6 62 0.14340519267069124
7 62 0.1276742895916379
8 62 0.13987624724534603
9 62 0.12483651386727188
10 62 0.1470973569546412
11 62 0.1423780030942984
12 62 0.03844254960408469
13 62 0.11000396510299296
14 62 0.10631105002659971
15 62 0.1273873884914899
16 62 0.1732156969976187
17 62 0.14470393434854456
18 62 0.11495221679725573
19 62 0.0970347384480143
20 62 0.1144739895802377
21 62 0.10471073763330452
22 62 0.09477989152024398
23 62 0.08138300786895991
24 62 0.2775912595525809
25 62 0.3285139667433983
26 62 0.19303669034073892
27 62 0.22196138875787627
28 62 0.20937540327040058
29 62 0.0747312351647454
30 62 0.07936519953961794
31 62 0.07789566959656014
32 62 0.1536748693670344
33 62 0.17083246504736482
34 62 0.04893326584293426
35 62 0.023646189304434517
36 62 0.061179978305002984
37 62 0.05906395641371865
38 62 0.055792594923738593
39 62 0.4019923469256743
40 62 0.2599806145453884
41 62 0.4194809639612579
42 62 0.4148056403752036
43 62 0.16344715576460697
44 62 0.13215272655150143
45 62 0.21049922827340412
46 62 0.5102146625843692
47 62 0.5292754859528354
48 62 0.7269553316531981
49 62 0.2483810813818916
50 62 0.21755683437490542
51 62 0.2794500230569495
52 62 0.2976682516604861
53 62 0.2122993597290666
54 62 0.3819595777701723
55 62 0.6107352371365871
56 62 0.4483613476456511
57 62 0.8059669052963191
58 62 0.8481960809500269
59 62 0.9092655902666665
60 62 0.8380350393937812
61 62 0.9021040842788834
0 63 0.1697337908065802
1 63 0.16865746092139583
2 63 0.11688856145054208
3 63 0.1397679216079457
4 63 0.1656206036921209
5 63 0.1586279847395399
6 63 0.1560642346055626
7 63 0.14353819461284403
8 63 0.16667646746057688
9 63 0.13996736348188407
10 63 0.16475783384398396
11 63 0.1280913414770999
12 63 0.04644158252630847
13 63 0.15201396997023767
14 63 0.1264830686705824
15 63 0.133942107386481
16 63 0.1688245969328932
17 63 0.10421864177796547
18 63 0.10191466215130804
19 63 0.08093308329381328
20 63 0.11467937660931732
21 63 0.09232294556774084
22 63 0.054335215634414125
23 63 0.05258888540528534
24 63 0.16688639527534238
25 63 0.2784280776672774
26 63 0.1742784219550488
27 63 0.23886471509680055
28 63 0.17558785944677052
29 63 0.07253302836404639
30 63 0.01698800291340904
31 63 0.05369626226666018
32 63 0.17724619586236254
33 63 0.2234417904735
34 63 0.07357102557692187
35 63 0.07109734992025041
36 63 0.08666128753911213
37 63 0.08025754141833047
38 63 0.07434564753205491
39 63 0.3507362434639337
40 63 0.28081582188953647
41 63 0.47128976906011016
42 63 0.28596856293490663
43 63 0.19248552946165054
44 63 0.10233495584442884
45 63 0.18547363301893496
46 63 0.48773093178238147
47 63 0.5389673436494807
48 63 0.7314887875620524
49 63 0.19678828993972575
50 63 0.1734854100479232
51 63 0.24552916842496106
52 63 0.2753081402007274
53 63 0.17353188867794958
54 63 0.2991367216552077
55 63 0.6123187986985889
56 63 0.4060118152340189
57 63 0.8046504964917587
58 63 0.9195518801200245
59 63 0.9406592393537953
60 63 0.8867312484135212
61 63 0.9639109258530036
62 63 0.9350657669015703
0 64 0.24926880182270317
1 64 0.21575818450262035
2 64 0.18140448399487577
3 64 0.1942289778244708
4 64 0.2174376110957794
5 64 0.2000123001921106
6 64 0.20008068603757917
7 64 0.21580729300946414
8 64 0.22511622410428186
9 64 0.19527290763032656
10 64 0.2315817431687504
11 64 0.21541021586071543
12 64 0.05930277314703012
13 64 0.19946244405444755
14 64 0.19245846150021928
15 64 0.18345875222776886
16 64 0.18358111352232898
17 64 0.10746627455007944
18 64 0.12486521450046915
19 64 0.09760765320856638
20 64 0.0780063665854459
21 64 0.09072464688638501
22 64 0.08687243085714577
23 64 0.06814559674128334
24 64 0.1504079551912473
25 64 0.2227528583227751
26 64 0.20560867240772637
27 64 0.20194756310328088
28 64 0.1551676474945926
29 64 0.14332078191396122
30 64 0.012922865312396432
31 64 0.07100888612603289
32 64 0.21421103425074742
33 64 0.2311989165699327
34 64 0.10437183050497789
35 64 0.1310788687886483
36 64 0.13756721994075966
37 64 0.1411110794320078
38 64 0.1413410747194817
39 64 0.3072149423341699
40 64 0.16487413445776
41 64 0.3897453135444341
42 64 0.24273923152381516
43 64 0.21901946563814628
44 64 0.15666896398595653
45 64 0.1999849545163706
46 64 0.44044053927494653
47 64 0.476132486272628
48 64 0.722816469780956
49 64 0.2527816558144955
50 64 0.12968469310763273
51 64 0.27858426419235616
52 64 0.26778119082914326
53 64 0.23050247236135332
54 64 0.3127896336108429
55 64 0.6282999457241185
56 64 0.3748220919622011
57 64 0.7681598100419827
58 64 0.895344758737361
59 64 0.9131130828890859
60 64 0.8865423679262406
61 64 0.9266737522972284
62 64 0.9025204233589237
63 64 0.9410945688084199
0 65 0.1425820293428734
1 65 0.14588465046131444
2 65 0.13319871359247912
3 65 0.14308346601865093
4 65 0.14480189809366112
5 65 0.127947950124446
6 65 0.1261933857439749
7 65 0.1241779384331648
8 65 0.14797874534283056
9 65 0.1253420708044037
10 65 0.1353444307274357
11 65 0.2048249915728861
12 65 0.038271523038287736
13 65 0.1290579795903941
14 65 0.11675629801981892
15 65 0.13261712870104558
16 65 0.17153222360169745
17 65 0.1126795166284584
18 65 0.12577776719276626
19 65 0.1070675020780242
20 65 0.1264078672006782
21 65 0.08305965928767958
22 65 0.08539397823286059
23 65 0.01223845591661845
24 65 0.2125935710160988
25 65 0.28925361177422015
26 65 0.1886202999937604
27 65 0.22405505865901482
28 65 0.25315433414745686
29 65 0.08712713702435841
30 65 0.0
31 65 0.03168047137976457
32 65 0.13164413077524992
33 65 0.2147652785554122
34 65 0.0675963869887824
35 65 0.08385612254008652
36 65 0.07990353911226347
37 65 0.07753747868929448
38 65 0.09560942509632911
39 65 0.35938447521489214
40 65 0.23634761085556336
41 65 0.43909232765239736
42 65 0.28565684246794354
43 65 0.22127338888961048
44 65 0.1667574392489031
45 65 0.23685420995475265
46 65 0.45410837716718444
47 65 0.4667815913038681
48 65 0.7473061270075151
49 65 0.25973985838260777
50 65 0.1510769801142619
51 65 0.2833578071176946
52 65 0.304653943893224
53 65 0.24569090383483524
54 65 0.3613245572099828
55 65 0.6188617857719256
56 65 0.41001805733181124
57 65 0.8245566094452903
58 65 0.8740896190925553
59 65 0.9418547364965321
60 65 0.898015391190578
61 65 0.9360840311750502
62 65 0.9283672276231637
63 65 0.9372099843117059
64 65 0.9274718524689076
0 66 0.2179100668590092
1 66 0.22044502473039068
2 66 0.19538425598818934
3 66 0.19559601809150132
4 66 0.2183317652496428
5 66 0.20993646875944577
6 66 0.20447351142299394
7 66 0.21396245822855364
8 66 0.23839085034862537
9 66 0.22311223865455063
10 66 0.14785152146464053
11 66 0.1580792699109138
12 66 0.05383867647717625
13 66 0.11064663226483708
14 66 0.1163902146574268
15 66 0.09452555470638385
16 66 0.1364312766679998
17 66 0.12818019461818017
18 66 0.09745065299253194
19 66 0.08928111589047723
20 66 0.10397067751351247
21 66 0.07746476284999958
22 66 0.0634574035935517
23 66 0.04873988537726558
24 66 0.22616292296544235
25 66 0.25355639409543185
26 66 0.1131768873790091
27 66 0.20637992571118227
28 66 0.15658293357091113
29 66 0.12097390577908246
30 66 0.05260205880987837
31 66 0.08584047537275132
32 66 0.14106766813462954
33 66 0.20289193204705255
34 66 0.07616780852619809
35 66 0.08707742369031797
36 66 0.10800611283927572
37 66 0.11632428058151147
38 66 0.10823276007246459
39 66 0.3465692008236541
40 66 0.22229249779690163
41 66 0.396083901627298
42 66 0.2982084841492894
43 66 0.14112855082659298
44 66 0.08191894570685262
45 66 0.15309120519440503
46 66 0.4499677088786527
47 66 0.44913899451909767
48 66 0.695961207036636
49 66 0.16843888630492515
50 66 0.117910666745041
51 66 0.19714417534150955
52 66 0.23097109985326145
53 66 0.17106980237457803
54 66 0.25431692694667085
55 66 0.5373171873507078
56 66 0.31318226111193076
57 66 0.7954955617438506
58 66 0.8802541140821663
59 66 0.9094661100045422
60 66 0.8970881696641541
61 66 0.9031619524279784
62 66 0.9196560135832604
63 66 0.9251005594798671
64 66 0.9222696830607379
65 66 0.9171246029544845
0 67 0.08423174316753647
1 67 0.10307740076617888
2 67 0.08934507478287551
3 67 0.07404739361072737
4 67 0.12088330091800216
5 67 0.07342079177429722
6 67 0.09338440073318426
7 67 0.042842568732452124
8 67 0.10712122875733784
9 67 0.0689341299613572
10 67 0.12720652364770757
11 67 0.11110396625717962
12 67 0.057196329034827936
13 67 0.04117168451972826
14 67 0.10790519742067493
15 67 0.12170569914827105
16 67 0.19038869004422332
17 67 0.10944604103811008
18 67 0.11644767931327324
19 67 0.09477541099184629
20 67 0.09268579606787561
21 67 0.11975830134054838
22 67 0.13158305855387722
23 67 0.09104967405552092
24 67 0.1758354961546339
25 67 0.23658364237785767
26 67 0.14461028086656463
27 67 0.16945766594855644
28 67 0.16680786542875525
29 67 0.09155707905681629
30 67 0.12140443620594185
31 67 0.12204271159383878
32 67 0.08914072447242934
33 67 0.10309768010255316
34 67 0.09022866346687212
35 67 0.07742308112571548
36 67 0.11327034163051823
37 67 0.0820910635608364
38 67 0.05255155490896992
39 67 0.2578723549221859
40 67 0.18632171159025526
41 67 0.5302044179869307
42 67 0.313057358860572
43 67 0.131535007269294
44 67 0.07961745314529722
45 67 0.16450737061514062
46 67 0.4000334931129022
47 67 0.4068999923391279
48 67 0.5218668903895011
49 67 0.11453997496660304
50 67 0.07034606342455893
51 67 0.2014271389704384
52 67 0.21138713293220895
53 67 0.1820752205821745
54 67 0.24014052079342402
55 67 0.4970464078627503
56 67 0.2902748463096405
57 67 0.715796093083986
58 67 0.633958794265146
59 67 0.6631521674596769
60 67 0.5465989814863131
61 67 0.6778031360989606
62 67 0.6955458667240924
63 67 0.6778454232694707
64 67 0.6749449428472502
65 67 0.6952617560144513
66 67 0.6050549153139135
0 68 0.18566826533175781
1 68 0.2150831239072073
2 68 0.24252720490446972
3 68 0.2238803535256602
4 68 0.1692896303971032
5 68 0.19498321961635462
6 68 0.26142884853022375
7 68 0.18009847476203095
8 68 0.20444797333814504
9 68 0.1600055333999957
10 68 0.36003622424924586
11 68 0.368303006179005
12 68 0.3083334947152932
13 68 0.31923833062463536
14 68 0.3111771469877976
15 68 0.32359986923062006
16 68 0.18886290604554265
17 68 0.20642556023413788
18 68 0.2316727835891941
19 68 0.22634375461650622
20 68 0.21934918383392246
21 68 0.21545292447519543
22 68 0.23991562513127668
23 68 0.33764790614116835
24 68 0.6215679408695821
25 68 0.6375832929254076
26 68 0.3081775951957953
27 68 0.5937414959620566
28 68 0.33055186339732023
29 68 0.27147785342017294
30 68 0.28920607912042895
31 68 0.34010210873427066
32 68 0.360762091305587
33 68 0.490779530436927
34 68 0.24356011719741055
35 68 0.21915703193640443
36 68 0.22515232317348335
37 68 0.19557196011230096
38 68 0.25261102790767426
39 68 0.3010602218766529
40 68 0.5434421479860364
41 68 0.6974050468617207
42 68 0.6954492587180419
43 68 0.3843442717917896
44 68 0.2789795879421683
45 68 0.30050866588328123
46 68 0.3527481993688587
47 68 0.3922839669751079
48 68 0.47321136545027426
49 68 0.23656853922812549
50 68 0.4149309572989772
51 68 0.157354991180649
52 68 0.23425198471458156
53 68 0.11542251865864595
54 68 0.18130047951421133
55 68 0.2495580727082163
56 68 0.19890124399410886
57 68 0.3175465662514028
58 68 0.3906852912870431
59 68 0.24592145410737637
60 68 0.26093808155331594
61 68 0.32351655900344006
62 68 0.347761197732854
63 68 0.32052862409671024
64 68 0.2636826454135467
65 68 0.30434363525002506
66 68 0.26886716671594785
67 68 0.2939262035329012
0 69 0.22506218187063115
1 69 0.21328499952175248
2 69 0.2861846524612235
3 69 0.22913407986296
4 69 0.19830136692868144
5 69 0.18978489792853684
6 69 0.2466453120794249
7 69 0.182506693972577
8 69 0.21396753741843735
9 69 0.19169560223156498
10 69 0.38662280227998647
11 69 0.42417033565135775
12 69 0.2862257587079187
13 69 0.35239871168341946
14 69 0.3288805531040348
15 69 0.30336217793866727
16 69 0.1718150973806454
17 69 0.16992803079620886
18 69 0.17257036920385596
19 69 0.2013885331680068
20 69 0.2071055935459195
21 69 0.16931756066604065
22 69 0.20189058223514658
23 69 0.24424733743524302
24 69 0.6472055993922741
25 69 0.6904577775714008
26 69 0.34259231253966027
27 69 0.5815803829953679
28 69 0.3589318166713873
29 69 0.2582565617370072
30 69 0.23897494465237096
31 69 0.3248513315645408
32 69 0.34076411060788453
33 69 0.49437173668581136
34 69 0.2599225937689307
35 69 0.23718039149365275
36 69 0.195573764958983
37 69 0.2038250817271662
38 69 0.2725197287397485
39 69 0.34257447202510427
40 69 0.5155499932600547
41 69 0.7572478460711461
42 69 0.6669316487062132
43 69 0.4078076280509878
44 69 0.3371985556134291
45 69 0.3641839715476447
46 69 0.333593611131394
47 69 0.37587890421858255
48 69 0.4444397715566172
49 69 0.29055856600433355
50 69 0.40639989264098586
51 69 0.2332401584881057
52 69 0.319465722371879
53 69 0.20805474950382652
54 69 0.24955286804516608
55 69 0.30083761898819944
56 69 0.21201947349641304
57 69 0.35052575833192207
58 69 0.3805528471709126
59 69 0.2993474921258328
60 69 0.302699658582534
61 69 0.35602362673839866
62 69 0.3719753743787373
63 69 0.3672802021788376
64 69 0.29941946551431325
65 69 0.3571487405975676
66 69 0.35085102924614653
67 69 0.3067822228860692
68 69 0.9061249163002334
0 70 0.23347204400872845
1 70 0.23892943312435028
2 70 0.2324244810221533
3 70 0.28093955121164527
4 70 0.21002269179030325
5 70 0.21771791508716817
6 70 0.2728061313442208
7 70 0.2173753138811165
8 70 0.19565889316695392
9 70 0.22102562094093542
10 70 0.3595080772124153
11 70 0.35128021337830045
12 70 0.2782846130845162
13 70 0.38958906207205146
14 70 0.3330571429266073
15 70 0.32407954928661287
16 70 0.16961408155184282
17 70 0.17030819858402882
18 70 0.19005522867069893
19 70 0.2423192831004386
20 70 0.19922280980071022
21 70 0.1893516726255489
22 70 0.252001288690911
23 70 0.3216638508281423
24 70 0.5958705228295388
25 70 0.5903765597433106
26 70 0.30692559663463237
27 70 0.5758697506320569
28 70 0.2910355735405386
29 70 0.3238507214447791
30 70 0.282932770727374
31 70 0.33120460356324327
32 70 0.3375609783399948
33 70 0.4937724613506089
34 70 0.29084319718715224
35 70 0.2372588959932406
36 70 0.2597924393189441
37 70 0.28923511861760987
38 70 0.33416893136934367
39 70 0.32111211876722373
40 70 0.5070967739759132
41 70 0.697088226980014
42 70 0.676560031029491
43 70 0.35345622330502974
44 70 0.250813144339533
45 70 0.2761748916295738
46 70 0.3146708141166053
47 70 0.3605912963929331
48 70 0.5178485690717192
49 70 0.22890951607518709
50 70 0.4416360821937835
51 70 0.1777197556449281
52 70 0.25818257669277256
53 70 0.17949356816102646
54 70 0.19680115659427944
55 70 0.28231214647649405
56 70 0.19888631070176555
57 70 0.3869922564972022
58 70 0.3332659632560226
59 70 0.3321030299983043
60 70 0.3193425895228052
61 70 0.3720207370614843
62 70 0.3922552870979539
63 70 0.37342370327102076
64 70 0.3526416739488011
65 70 0.35699506613612936
66 70 0.35471414624391384
67 70 0.2620292132875627
68 70 0.857371615146217
69 70 0.8290310534736762
0 71 0.21094590865978854
1 71 0.24521344735534648
2 71 0.22733904390094337
3 71 0.22498439691730648
4 71 0.20579677841998084
5 71 0.22370060045084642
6 71 0.27736601911060393
7 71 0.22919420835752832
8 71 0.24075536309145146
9 71 0.2222287554967334
10 71 0.3624788082230464
11 71 0.32553356975423503
12 71 0.29277769627058825
13 71 0.38211085425310964
14 71 0.3286140006703679
15 71 0.30043795382079086
16 71 0.15044441052653004
17 71 0.20320364933707122
18 71 0.2404841253503508
19 71 0.23437423584848696
20 71 0.21626880960476788
21 71 0.20664940284898323
22 71 0.26960969784554384
23 71 0.29291141217976707
24 71 0.6996749964052359
25 71 0.6824941013935165
26 71 0.3043734951322991
27 71 0.495439879298377
28 71 0.28858990078382907
29 71 0.2780813818565152
30 71 0.22343224629315667
31 71 0.2910352109708585
32 71 0.3348382032983505
33 71 0.4925308281336801
34 71 0.26413714534392535
35 71 0.22120025194218274
36 71 0.20664538492907616
37 71 0.2358663931841594
38 71 0.26284320184936977
39 71 0.3850440058247672
40 71 0.5376040715294997
41 71 0.7190384400822365
42 71 0.6100853136108068
43 71 0.3843304748932654
44 71 0.2581796657931112
45 71 0.25811864747726077
46 71 0.4318525066122431
47 71 0.4412099124169231
48 71 0.5066134499406426
49 71 0.23112822022572502
50 71 0.2874449543357603
51 71 0.1833879497855744
52 71 0.24082243935696898
53 71 0.1642603231140995
54 71 0.18144237246599118
55 71 0.29367303378954585
56 71 0.18577739816708175
57 71 0.3572750781589134
58 71 0.3929217871829741
59 71 0.3387695969871039
60 71 0.3329846613367727
61 71 0.3209900086794739
62 71 0.36167176133068324
63 71 0.34485926962956726
64 71 0.31820102921038396
65 71 0.3393901185127663
66 71 0.36693651599561083
67 71 0.28767585334680207
68 71 0.8825863589222925
69 71 0.8547984232439387
70 71 0.8085924176616305
0 72 0.3561207106543174
1 72 0.35485129593414905
2 72 0.33788800264065433
3 72 0.35544167012524297
4 72 0.3107033314509208
5 72 0.35440267770701883
6 72 0.32316130982253927
7 72 0.3435061022587928
8 72 0.3193471159480288
9 72 0.33382816481732
10 72 0.5205525129299833
11 72 0.43921251602706185
12 72 0.42477716997553544
13 72 0.5305848066148157
14 72 0.5208478141807562
15 72 0.5717432624497358
16 72 0.3365909621759999
17 72 0.28919724111308204
18 72 0.2986459637171196
19 72 0.3394889867395408
20 72 0.3157386272507383
21 72 0.29920641041683727
22 72 0.32939848941919664
23 72 0.369926893150184
24 72 0.42053493035432876
25 72 0.3721885057356056
26 72 0.6277582683633933
27 72 0.5945223135960843
28 72 0.4520259511049326
29 72 0.4256925689373284
30 72 0.32834440571525125
31 72 0.4656252098479777
32 72 0.5560821243543814
33 72 0.79259298312882
34 72 0.3919652017001789
35 72 0.3602377731676608
36 72 0.3900520622189981
37 72 0.3198988791103308
38 72 0.40195504046801156
39 72 0.18947169542278383
40 72 0.23588356231094507
41 72 0.2582685605161735
42 72 0.23884061472473553
43 72 0.9368508685274964
44 72 0.3739896319789986
45 72 0.3635827144000475
46 72 0.19968142633841346
47 72 0.23457968703342624
48 72 0.23172364738448126
49 72 0.436615808940936
50 72 0.37093490716997124
51 72 0.4120285634368988
52 72 0.25137806561003584
53 72 0.3909567178598802
54 72 0.501985395725788
55 72 0.24137022985645623
56 72 0.2983028779397873
57 72 0.1374070267817993
58 72 0.1798242499778871
59 72 0.10976813425582475
60 72 0.07442121342089021
61 72 0.0876147434176414
62 72 0.08115565801443833
63 72 0.11495838791053835
64 72 0.12564226087759167
65 72 0.10916666161156155
66 72 0.05554711028113467
67 72 0.0921663352054074
68 72 0.3751983185125724
69 72 0.39732250296527305
70 72 0.4063900658280191
71 72 0.40461540512407773
0 73 0.1065438664346563
1 73 0.10741221946792329
2 73 0.10431748558489165
3 73 0.08141482117100897
4 73 0.11944453197316701
5 73 0.08383726637533702
6 73 0.12342500616761538
7 73 0.11569701615250914
8 73 0.11139622235609267
9 73 0.06063220440399269
10 73 0.21253131985353166
11 73 0.16678992456147965
12 73 0.13725829205670179
13 73 0.11314972160975335
14 73 0.06370103555154887
15 73 0.12033126688399023
16 73 0.15101283853510486
17 73 0.11613990725157922
18 73 0.09828240574655196
19 73 0.0794237208232266
20 73 0.11143068338171892
21 73 0.120871841936448
22 73 0.12034969415153536
23 73 0.12977910675056709
24 73 0.18934492248922039
25 73 0.3874905082400439
26 73 0.16330342760007566
27 73 0.2448004329393802
28 73 0.14730840323111774
29 73 0.15374872578448223
30 73 0.09860211019519698
31 73 0.1548959149892318
32 73 0.2117150587521669
33 73 0.1402264341817012
34 73 0.059453034867022414
35 73 0.0926326117003123
36 73 0.06079252838596073
37 73 0.05987743525657633
38 73 0.09492449700686394
39 73 0.25832998267976587
40 73 0.33086709167503403
41 73 0.33368748546103394
42 73 0.26772526579626654
43 73 0.15091373430318847
44 73 0.13270106616470762
45 73 0.14419903844517623
46 73 0.5124515471370753
47 73 0.5561030687990508
48 73 0.7291750067613452
49 73 0.11695132904852497
50 73 0.1818728154266852
51 73 0.1449695117158263
52 73 0.19339913437287382
53 73 0.1482184328799265
54 73 0.16897910599292423
55 73 0.3475229726681672
56 73 0.20126399044163099
57 73 0.5018761366638641
58 73 0.5363927586020809
59 73 0.53994250395404
60 73 0.5482876026805411
61 73 0.5918937905227836
62 73 0.5449556235830074
63 73 0.5631101186218895
64 73 0.5356487176360345
65 73 0.5832238201824891
66 73 0.5438554097660496
67 73 0.4177971991379058
68 73 0.4272595013646118
69 73 0.4153984669348732
70 73 0.29481794309042564
71 73 0.4121195768388514
72 73 0.15754534323279826
0 74 0.10006524368574246
1 74 0.11356916806559138
2 74 0.07968941718250533
3 74 0.05385179715935265
4 74 0.1124863467602905
5 74 0.09520638941699903
6 74 0.11641870565646531
7 74 0.11256107695624137
8 74 0.09064792837337689
9 74 0.07433078288031351
10 74 0.24286046360231764
11 74 0.1901708601190512
12 74 0.13381779290604384
13 74 0.18348215247148014
14 74 0.05132262943593478
15 74 0.10596370126565394
16 74 0.16108793781693254
17 74 0.08666732412938356
18 74 0.1084903745746954
19 74 0.07346259312943117
20 74 0.12371810654096375
21 74 0.11509930082607998
22 74 0.13252498548759634
23 74 0.14577131894086057
24 74 0.25987221262556925
25 74 0.3737281767702591
26 74 0.17705552938055408
27 74 0.26016675948704326
28 74 0.18187322607807843
29 74 0.10095157269127851
30 74 0.08625093032979131
31 74 0.08345816409280028
32 74 0.169493837509947
33 74 0.17627289838658383
34 74 0.08415063672196395
35 74 0.07508244740813026
36 74 0.07164555440738203
37 74 0.02969133044412113
38 74 0.08323226899284758
39 74 0.28872131423392283
40 74 0.36720985755919555
41 74 0.33280303424458507
42 74 0.2724767012396741
43 74 0.13551082876158924
44 74 0.14538266106875475
45 74 0.1772270367104486
46 74 0.501430785188466
47 74 0.5772125296019014
48 74 0.7232365237047075
49 74 0.1565042691995674
50 74 0.14940488862859516
51 74 0.16804917793796878
52 74 0.22849188314429109
53 74 0.1999685897911009
54 74 0.21912617215712626
55 74 0.3909048495963007
56 74 0.24194803709172666
57 74 0.5049170298619042
58 74 0.5138389142908674
59 74 0.564679575669333
60 74 0.5772653642847342
61 74 0.581322132234374
62 74 0.5692061032616731
63 74 0.6061716439697601
64 74 0.5257502748756341
65 74 0.5883321678162747
66 74 0.5519459767207417
67 74 0.3983636831218125
68 74 0.395684276895607
69 74 0.4329316783947212
70 74 0.3148348836475443
71 74 0.4427171095207115
72 74 0.13682353073664213
73 74 0.8826084505829324
0 75 0.15137116282230859
1 75 0.15665049329643943
2 75 0.12481336137534307
3 75 0.14545809143447838
4 75 0.1462516854099247
5 75 0.13015092256004995
6 75 0.19903541306601957
7 75 0.14355704037898173
8 75 0.14157042722439578
9 75 0.13404527053656362
10 75 0.2384907885057743
11 75 0.2614907465209216
12 75 0.2345905226676919
13 75 0.285588863874037
14 75 0.21593933275820373
15 75 0.1935460236303546
16 75 0.11891972711287861
17 75 0.1368030703885258
18 75 0.12256491451279987
19 75 0.13467372868468616
20 75 0.15734447651739575
21 75 0.15800180041426556
22 75 0.18545330990876904
23 75 0.181118673305417
24 75 0.6085269655863277
25 75 0.6613382400627725
26 75 0.22193800476772943
27 75 0.48466894966860136
28 75 0.2621110996182666
29 75 0.2108799552951896
30 75 0.18908003020918762
31 75 0.21353676788555284
32 75 0.22798776432703854
33 75 0.32878038011979094
34 75 0.18829974379072353
35 75 0.127862382846021
36 75 0.12847586591327995
37 75 0.19431024439168712
38 75 0.18347573594707242
39 75 0.36926517202550074
40 75 0.5616808700206392
41 75 0.7622477818117361
42 75 0.6153808043835669
43 75 0.24454566723145232
44 75 0.22143010893007742
45 75 0.22601453186409737
46 75 0.4119640073264996
47 75 0.48166400755037586
48 75 0.5114957474753976
49 75 0.1668780904105467
50 75 0.32254083769317116
51 75 0.13383815180367808
52 75 0.23171437320487867
53 75 0.11949615953024226
54 75 0.15887282828029115
55 75 0.3165629569344991
56 75 0.20911025080930654
57 75 0.38945436918909593
58 75 0.43640791217841346
59 75 0.40363793826178584
60 75 0.3467775161697447
61 75 0.41428728179109314
62 75 0.4393823847350474
63 75 0.4456652756040561
64 75 0.33847096765235674
65 75 0.3921934259349373
66 75 0.3654744960797881
67 75 0.34427940093054105
68 75 0.8044071496443181
69 75 0.8003210563257177
70 75 0.7771878047981557
71 75 0.8468214514509382
72 75 0.26563726529374276
73 75 0.4584036754431027
74 75 0.47193266885773205
0 76 0.12925762540080565
1 76 0.17232039043098732
2 76 0.15751683356241128
3 76 0.12499667807998795
4 76 0.1465863493535354
5 76 0.15596007737876397
6 76 0.15751081366116415
7 76 0.1656527465803772
8 76 0.1678316163513782
9 76 0.13806624486025662
10 76 0.15455881456991968
11 76 0.18767787792869403
12 76 0.04810857082642725
13 76 0.14373939014085382
14 76 0.1589642555724718
15 76 0.15847376580214592
16 76 0.1639863866258539
17 76 0.11930576690327768
18 76 0.1227705422090799
19 76 0.1134969572024628
20 76 0.13930357971285354
21 76 0.10736072955818024
22 76 0.12437259285662124
23 76 0.0804254755501347
24 76 0.17558841002244613
25 76 0.23770837158863328
26 76 0.14030710444952926
27 76 0.2700236387857881
28 76 0.18646816355001433
29 76 0.12009550514096534
30 76 0.055901412777132176
31 76 0.051263428689490353
32 76 0.1348321233582749
33 76 0.22129315615968267
34 76 0.10195552710660694
35 76 0.10857843176042092
36 76 0.0975560579053947
37 76 0.12999298472366191
38 76 0.10216172616718097
39 76 0.3375063449735963
40 76 0.2455241196637316
41 76 0.4161075303435292
42 76 0.272579568646985
43 76 0.150473468283971
44 76 0.1296343498396958
45 76 0.20757981256518507
46 76 0.5260748232517389
47 76 0.5231564140371449
48 76 0.715052439765948
49 76 0.1919461270894986
50 76 0.16622106034554368
51 76 0.208436536359829
52 76 0.2802192277067898
53 76 0.21860237756769285
54 76 0.26341957844602903
55 76 0.5753963057210117
56 76 0.33715092209540376
57 76 0.7893875494346806
58 76 0.8680890219381866
59 76 0.9193726387312984
60 76 0.9220124835959912
61 76 0.9470250157123227
62 76 0.8379391917759228
63 76 0.9090844448062189
64 76 0.861263216027048
65 76 0.9206765040668262
66 76 0.8774820162065675
67 76 0.5855727439675233
68 76 0.29202557781180855
69 76 0.32043938028248037
70 76 0.3557532742368227
71 76 0.3131161641822376
72 76 0.07263749886913634
73 76 0.577025595486207
74 76 0.5793649514474203
75 76 0.37065838008880125
